#  n l nu [muHz] sigma [muHz]
10  0      1759.69362  1.0
11  0      1918.92211  1.0
12  0      2075.08089  1.0
13  0      2229.87479  1.0
14  0      2384.31340  1.0
15  0      2539.61547  1.0
16  0      2694.07261  1.0
17  0      2847.64544  1.0
18  0      3000.72575  1.0
19  0      3154.04377  1.0
20  0      3308.56222  1.0
10  1      1833.38542  1.0
11  1      1991.52771  1.0
12  1      2146.45538  1.0
13  1      2301.19722  1.0
14  1      2456.19643  1.0
15  1      2611.17603  1.0
16  1      2765.58903  1.0
17  1      2918.68865  1.0
18  1      3072.05750  1.0
19  1      3225.99641  1.0
20  1      3380.81985  1.0

