   1    0.0000e+00   3.8992e-12   0.0000e+00   0.0000e+00   0.0000e+00   4.0752e-15   4.2561e-20   1.0896e-15   0.0000e+00   3.8033e-20   1.4928e-20   5.9793e-15   2.6865e-15   8.6561e-10   6.3735e-11   1.2695e-08   4.9112e-10   1.1679e-09   5.2406e-11   1.7539e-05   9.8094e-05   7.5647e-02   3.3444e-03   3.3068e-01   1.2931e-02   4.5518e-01   3.4765e-03   1.1847e-01   1.2573e-04   2.5428e-05
   2    0.0000e+00   4.3042e-12   0.0000e+00   0.0000e+00   0.0000e+00   1.9081e-15   2.2069e-20   7.4307e-16   0.0000e+00   4.5447e-20   2.0654e-20   7.9513e-15   2.8882e-15   1.2435e-09   7.3308e-11   1.4560e-08   6.1926e-10   1.7222e-09   4.4281e-11   9.9447e-06   6.6457e-05   6.8686e-02   3.5921e-03   3.2474e-01   1.5019e-02   4.7349e-01   3.1578e-03   1.1113e-01   9.3111e-05   1.9187e-05
   3    0.0000e+00   5.1199e-12   0.0000e+00   0.0000e+00   0.0000e+00   1.3110e-19   2.5724e-24   7.0622e-19   0.0000e+00   5.0145e-20   2.7860e-20   1.0251e-14   3.1315e-15   1.7458e-09   8.2250e-11   1.6881e-08   7.5481e-10   2.5707e-09   3.6808e-11   5.7310e-06   4.4784e-05   6.1927e-02   3.8708e-03   3.1725e-01   1.7408e-02   4.9029e-01   2.9516e-03   1.0617e-01   6.8657e-05   1.4175e-05
   4    0.0000e+00   5.6439e-12   0.0000e+00   0.0000e+00   0.0000e+00   3.2831e-16   1.7445e-21   1.6080e-16   0.0000e+00   7.5942e-20   4.8729e-20   1.5992e-14   4.2146e-15   2.9231e-09   1.0437e-10   2.3144e-08   1.0246e-09   4.5529e-09   3.2133e-11   3.1764e-06   2.8563e-05   5.5580e-02   4.3327e-03   3.1033e-01   2.0808e-02   5.0597e-01   2.8510e-03   1.0005e-01   4.6680e-05   9.3555e-06
   5    0.0000e+00   7.2198e-12   0.0000e+00   0.0000e+00   1.4280e-23   1.9391e-15   7.0024e-21   1.4660e-15   0.0000e+00   1.1518e-19   8.1586e-20   2.3340e-14   5.9179e-15   4.6941e-09   1.2527e-10   3.2486e-08   1.3303e-09   8.2703e-09   2.8281e-11   1.5883e-06   1.5780e-05   4.6169e-02   4.7685e-03   2.9619e-01   2.5183e-02   5.2675e-01   3.0562e-03   9.7831e-02   3.2915e-05   6.3603e-06
   6    0.0000e+00   1.0348e-11   0.0000e+00   0.0000e+00   1.0780e-22   6.7249e-15   1.7631e-20   2.8048e-15   0.0000e+00   1.6639e-19   1.3127e-19   3.3216e-14   9.1171e-15   7.3639e-09   1.5076e-10   4.8305e-08   1.7127e-09   1.5241e-08   2.7915e-11   8.3046e-07   8.2301e-06   3.6401e-02   5.0854e-03   2.7945e-01   2.9807e-02   5.4874e-01   3.4989e-03   9.6983e-02   2.4424e-05   4.7198e-06
   7    0.0000e+00   1.7381e-11   0.0000e+00   0.0000e+00   3.2991e-22   1.2373e-16   5.9048e-22   2.9377e-15   0.0000e+00   1.6937e-19   1.4604e-19   3.5185e-14   1.1148e-14   8.8947e-09   1.5073e-10   6.0471e-08   1.8430e-09   2.2890e-08   2.7410e-11   4.7664e-07   4.2889e-06   2.7195e-02   5.0094e-03   2.5947e-01   3.3093e-02   5.7247e-01   4.0551e-03   9.8677e-02   2.0344e-05   4.1380e-06
   8    0.0000e+00   2.9481e-11   0.0000e+00   0.0000e+00   5.8032e-22   1.4449e-15   2.2725e-21   2.7921e-15   0.0000e+00   1.4364e-19   1.2545e-19   2.9910e-14   1.1973e-14   9.1720e-09   1.2933e-10   7.0115e-08   1.7209e-09   3.3312e-08   2.6771e-11   2.2984e-07   1.6218e-06   1.6580e-02   4.4173e-03   2.2956e-01   3.5161e-02   6.0838e-01   4.8861e-03   1.0099e-01   1.7106e-05   4.0304e-06
   9    0.0000e+00   7.0677e-11   1.2264e-23   0.0000e+00   1.5939e-21   1.0425e-14   1.2499e-20   7.5229e-15   0.0000e+00   3.5026e-19   6.8712e-20   1.6238e-14   8.3152e-15   6.3500e-09   8.2543e-11   5.8856e-08   1.1977e-09   3.5497e-08   2.3001e-11   1.1031e-07   5.6852e-07   9.0258e-03   3.4220e-03   1.9707e-01   3.3914e-02   6.4731e-01   5.6541e-03   1.0358e-01   1.5710e-05   4.3946e-06
  10    0.0000e+00   1.9143e-10   4.6144e-23   0.0000e+00   7.6226e-21   1.2156e-14   1.0979e-20   1.6095e-14   0.0000e+00   1.7101e-18   3.7599e-20   4.3808e-15   3.2211e-15   2.4532e-09   3.3185e-11   3.2862e-08   5.0299e-10   2.9558e-08   1.7567e-11   3.4833e-08   8.8607e-08   2.7017e-03   1.8194e-03   1.4710e-01   2.6848e-02   7.1147e-01   6.4731e-03   1.0356e-01   1.5306e-05   5.3754e-06
  11    0.0000e+00   1.0882e-09   1.1290e-22   0.0000e+00   4.7162e-20   1.2742e-14   5.5586e-21   4.9463e-14   0.0000e+00   2.4956e-17   1.9144e-19   3.3321e-16   3.1397e-16   2.5446e-10   6.7376e-12   7.4176e-09   6.9085e-11   1.5046e-08   1.7948e-11   5.1325e-09   2.2888e-09   1.5881e-04   3.1353e-04   7.7775e-02   1.0735e-02   8.0373e-01   6.0483e-03   1.0121e-01   2.0311e-05   6.6185e-06
  12    0.0000e+00   4.5313e-09   1.4602e-22   0.0000e+00   2.1177e-19   3.8037e-14   1.0544e-21   1.6973e-13   0.0000e+00   2.9436e-16   8.3248e-19   6.3735e-15   1.0810e-15   1.7503e-09   5.7511e-11   1.4981e-08   3.0943e-10   5.7723e-08   1.5760e-09   1.4489e-08   7.9578e-11   2.6180e-06   4.9733e-06   3.1260e-02   4.5967e-03   8.2505e-01   9.2017e-03   1.2988e-01   8.6731e-06   2.8957e-06
  13    0.0000e+00   6.5625e-09   2.9237e-22   0.0000e+00   6.1276e-19   7.3167e-14   1.2693e-21   2.4538e-13   1.3903e-23   5.6567e-16   1.3638e-18   7.5880e-15   8.4735e-16   2.9490e-09   6.4112e-11   1.6941e-08   4.3723e-10   5.9630e-08   3.0477e-09   3.7904e-08   4.1697e-11   1.2205e-06   1.6186e-06   1.7261e-02   4.8203e-03   7.9030e-01   1.5237e-02   1.7237e-01   7.7254e-06   3.8951e-06
  14    0.0000e+00   9.1638e-09   4.2605e-22   0.0000e+00   1.3250e-18   1.0417e-13   1.6252e-21   2.9855e-13   2.6542e-23   8.9898e-16   2.1203e-18   5.3090e-15   5.0814e-16   2.5843e-09   4.9393e-11   1.4759e-08   3.8200e-10   4.8596e-08   3.2216e-09   5.4511e-08   2.6683e-11   8.3729e-07   8.8579e-07   1.1208e-02   4.3666e-03   7.5575e-01   1.8484e-02   2.1017e-01   8.2481e-06   4.6894e-06
  15    0.0000e+00   1.1012e-08   6.3001e-22   8.8132e-25   2.4691e-18   1.5160e-13   2.1637e-21   3.4673e-13   4.0224e-23   1.2146e-15   2.9211e-18   4.1022e-15   3.5858e-16   2.2285e-09   3.9999e-11   1.3227e-08   3.3119e-10   4.1608e-08   3.1385e-09   6.6355e-08   1.9813e-11   6.7404e-07   6.0478e-07   8.2838e-03   3.9427e-03   7.2884e-01   2.0056e-02   2.3887e-01   8.6099e-06   5.1053e-06
  16    0.0000e+00   1.2800e-08   7.6920e-22   1.2257e-24   3.7060e-18   1.9157e-13   2.4837e-21   3.9424e-13   5.1547e-23   1.5586e-15   3.7467e-18   3.5000e-15   2.8109e-16   2.0135e-09   3.3982e-11   1.2481e-08   2.9587e-10   3.7447e-08   3.0810e-09   8.0543e-08   1.5468e-11   5.6862e-07   4.3297e-07   6.2498e-03   3.5259e-03   7.0270e-01   2.0955e-02   2.6656e-01   8.9459e-06   5.2908e-06
  17    0.0000e+00   1.4656e-08   9.1261e-22   1.4546e-24   5.3081e-18   2.3299e-13   2.7830e-21   4.4289e-13   6.3157e-23   1.9640e-15   4.7473e-18   3.1934e-15   2.3735e-16   1.8725e-09   2.9949e-11   1.2154e-08   2.6957e-10   3.4947e-08   3.0315e-09   9.6917e-08   1.2521e-11   4.9198e-07   3.2030e-07   4.7911e-03   3.1261e-03   6.7804e-01   2.1246e-02   2.9278e-01   9.1265e-06   5.2831e-06
  18    0.0000e+00   1.6501e-08   1.1706e-21   2.2618e-24   8.0673e-18   2.8512e-13   3.0864e-21   4.9698e-13   7.5110e-23   2.4261e-15   5.8422e-18   3.0836e-15   2.1254e-16   1.7960e-09   2.7143e-11   1.2218e-08   2.5037e-10   3.3819e-08   3.0097e-09   1.1772e-07   1.0425e-11   4.3033e-07   2.3901e-07   3.6750e-03   2.7335e-03   6.5389e-01   2.1039e-02   3.1865e-01   9.2419e-06   5.1034e-06
  19    0.0000e+00   1.8549e-08   1.6171e-21   3.5401e-24   1.3331e-17   3.3691e-13   3.3088e-21   5.5682e-13   8.5485e-23   2.9881e-15   7.1188e-18   3.1442e-15   2.0083e-16   1.7879e-09   2.5416e-11   1.2758e-08   2.3818e-10   3.4113e-08   3.0315e-09   1.4615e-07   8.9545e-12   3.7871e-07   1.7831e-07   2.8016e-03   2.3475e-03   6.3004e-01   2.0367e-02   3.4443e-01   9.2467e-06   4.7743e-06
  20    0.0000e+00   2.0563e-08   1.6715e-21   3.9681e-24   1.6289e-17   3.9728e-13   3.4294e-21   6.2157e-13   9.3247e-23   3.6158e-15   8.4498e-18   3.3365e-15   1.9701e-16   1.8467e-09   2.4487e-11   1.3830e-08   2.3172e-10   3.5946e-08   3.0947e-09   1.8604e-07   7.9638e-12   3.3387e-07   1.3188e-07   2.1176e-03   1.9706e-03   6.0672e-01   1.9255e-02   3.6992e-01   9.1210e-06   4.3241e-06
  21    0.0000e+00   2.2628e-08   1.9170e-21   6.2888e-24   2.2250e-17   4.5618e-13   3.4681e-21   6.8800e-13   9.7584e-23   4.2980e-15   9.8302e-18   3.6875e-15   2.0047e-16   2.0281e-09   2.4821e-11   1.5908e-08   2.3487e-10   4.0381e-08   3.2474e-09   2.4739e-07   7.4754e-12   2.9716e-07   9.6557e-08   1.5923e-03   1.6116e-03   5.8464e-01   1.7759e-02   3.9439e-01   8.8293e-06   3.7804e-06
  22    0.0000e+00   2.5271e-08   2.5403e-21   1.0464e-23   3.5978e-17   5.2102e-13   3.5075e-21   7.6956e-13   1.2019e-22   5.2357e-15   1.1120e-17   4.3596e-15   2.1107e-16   2.4845e-09   2.6693e-11   2.0535e-08   2.5138e-10   5.1086e-08   3.5553e-09   3.7256e-07   7.5802e-12   2.6311e-07   6.4962e-08   1.1310e-03   1.2098e-03   5.6036e-01   1.5554e-02   4.2173e-01   8.3703e-06   3.0973e-06
  23    0.0000e+00   2.9352e-08   2.7402e-21   2.0580e-23   5.2131e-17   5.8260e-13   3.4960e-21   8.8385e-13   1.3776e-22   6.7961e-15   1.2643e-17   5.8598e-15   2.2942e-16   3.7848e-09   3.1817e-11   3.3786e-08   2.8874e-10   8.3646e-08   3.9511e-09   7.4223e-07   8.9905e-12   2.3298e-07   3.3765e-08   7.1737e-04   6.9647e-04   5.3116e-01   1.2033e-02   4.5538e-01   7.6384e-06   2.3472e-06
  24    0.0000e+00   4.1161e-08   1.7658e-21   3.9551e-23   7.3952e-17   5.9480e-13   4.9266e-21   1.0157e-12   3.0402e-22   1.0572e-14   1.5047e-17   8.5907e-15   2.2377e-16   6.3459e-09   3.3349e-11   6.5447e-08   2.6762e-10   1.7431e-07   2.4729e-09   1.8121e-06   1.1608e-11   1.8335e-07   1.2364e-08   4.7524e-04   2.0252e-04   5.0116e-01   9.7262e-03   4.8843e-01   8.4605e-06   3.1106e-06
  25    0.0000e+00   4.6239e-08   1.7448e-21   9.0088e-23   9.4288e-17   5.5306e-13   9.8734e-21   1.1337e-12   7.6271e-22   1.3052e-14   1.4531e-17   1.2707e-14   2.4079e-16   1.1763e-08   4.3039e-11   1.2770e-07   3.1165e-10   3.5313e-07   1.7628e-09   3.8050e-06   1.1196e-11   1.4238e-07   1.0697e-08   3.8022e-04   8.6999e-05   4.6950e-01   1.3061e-02   5.1695e-01   5.8762e-06   3.8547e-06
  26    0.0000e+00   4.5040e-08   2.8644e-21   2.1952e-22   1.3740e-16   4.9906e-13   2.3873e-20   1.2274e-12   1.7910e-21   1.3520e-14   1.2142e-17   1.9285e-14   2.9080e-16   2.1637e-08   6.0682e-11   2.2962e-07   4.1040e-10   6.2482e-07   1.8457e-09   6.7100e-06   1.1513e-11   1.4650e-07   1.2381e-08   3.2689e-04   6.5794e-05   4.3344e-01   1.6224e-02   5.4993e-01   3.4766e-06   3.2290e-06
  27    0.0000e+00   4.5162e-08   4.4456e-21   4.2310e-22   2.0571e-16   4.6054e-13   5.4398e-20   1.3057e-12   4.5359e-21   1.3955e-14   1.0533e-17   2.6284e-14   3.3779e-16   3.2203e-08   7.4300e-11   3.3771e-07   4.9101e-10   9.1213e-07   1.9403e-09   9.8225e-06   1.1804e-11   1.5865e-07   1.3979e-08   2.8685e-04   5.8058e-05   3.9475e-01   1.8335e-02   5.8655e-01   2.3027e-06   2.6582e-06
  28    0.0000e+00   4.7200e-08   5.4972e-21   6.3175e-22   2.6380e-16   4.3887e-13   8.1435e-20   1.3736e-12   6.8778e-21   1.4976e-14   1.0921e-17   3.0914e-14   3.7773e-16   3.9369e-08   8.6504e-11   4.1449e-07   5.5648e-10   1.1252e-06   1.9641e-09   1.2254e-05   1.1698e-11   1.6829e-07   1.4924e-08   2.5516e-04   5.4042e-05   3.5941e-01   1.9511e-02   6.2075e-01   1.7076e-06   2.2733e-06
  29    0.0000e+00   5.0839e-08   6.0239e-21   7.6019e-22   3.2850e-16   4.2716e-13   1.1431e-19   1.4329e-12   1.0279e-20   1.6164e-14   1.1136e-17   3.2378e-14   3.8016e-16   4.2000e-08   8.7040e-11   4.4936e-07   5.6840e-10   1.2403e-06   1.8818e-09   1.3790e-05   1.1212e-11   1.7260e-07   1.5237e-08   2.2649e-04   5.0679e-05   3.2604e-01   2.0094e-02   6.5357e-01   1.3564e-06   1.9952e-06
  30    0.0000e+00   5.5684e-08   6.1324e-21   8.5056e-22   3.9273e-16   4.1944e-13   1.3103e-19   1.4819e-12   1.2801e-20   1.7817e-14   1.2759e-17   3.1661e-14   3.7641e-16   4.1304e-08   8.7448e-11   4.5259e-07   5.6950e-10   1.2767e-06   1.7827e-09   1.4555e-05   1.0574e-11   1.7294e-07   1.5188e-08   2.0169e-04   4.7884e-05   2.9578e-01   2.0336e-02   6.8361e-01   1.1232e-06   1.7870e-06
  31    0.0000e+00   6.0079e-08   6.6539e-21   9.9469e-22   5.0240e-16   4.2154e-13   1.6077e-19   1.5117e-12   1.6574e-20   1.9144e-14   1.3932e-17   2.8851e-14   3.4857e-16   3.7128e-08   7.9894e-11   4.1894e-07   5.3198e-10   1.2136e-06   1.6235e-09   1.4229e-05   9.7836e-12   1.6697e-07   1.4694e-08   1.8362e-04   4.5445e-05   2.7519e-01   2.0268e-02   7.0430e-01   1.0117e-06   1.6861e-06
  32    0.0000e+00   6.4241e-08   6.3661e-21   9.8002e-22   5.6001e-16   4.2019e-13   1.7422e-19   1.5392e-12   1.8866e-20   2.0380e-14   1.4992e-17   2.7052e-14   3.3049e-16   3.4245e-08   7.4431e-11   3.9526e-07   5.0397e-10   1.1693e-06   1.5105e-09   1.4022e-05   9.2063e-12   1.6288e-07   1.4295e-08   1.6919e-04   4.3486e-05   2.5738e-01   2.0141e-02   7.2225e-01   9.1949e-07   1.5905e-06
  33    0.0000e+00   6.9519e-08   5.9285e-21   9.6738e-22   6.4289e-16   4.2325e-13   1.9684e-19   1.5582e-12   2.2447e-20   2.1680e-14   1.5917e-17   2.4315e-14   2.9781e-16   2.9596e-08   6.4213e-11   3.5268e-07   4.4897e-10   1.0727e-06   1.3668e-09   1.3253e-05   8.4871e-12   1.5479e-07   1.3657e-08   1.5532e-04   4.1449e-05   2.4125e-01   1.9956e-02   7.3858e-01   8.6300e-07   1.5297e-06
  34    0.0000e+00   7.6357e-08   4.7608e-21   8.1967e-22   6.6207e-16   4.2605e-13   1.8101e-19   1.5783e-12   2.1774e-20   2.3759e-14   1.8425e-17   2.0804e-14   2.6786e-16   2.3029e-08   5.3030e-11   2.8835e-07   3.8556e-10   9.1749e-07   1.1435e-09   1.1885e-05   7.3812e-12   1.4106e-07   1.2596e-08   1.3611e-04   3.8261e-05   2.1895e-01   1.9501e-02   7.6136e-01   7.8189e-07   1.4570e-06
  35    0.0000e+00   8.2158e-08   4.7423e-21   8.7638e-22   7.9738e-16   4.3035e-13   2.0382e-19   1.5902e-12   2.5379e-20   2.5239e-14   2.0179e-17   1.9089e-14   2.5275e-16   1.9373e-08   4.6136e-11   2.5107e-07   3.4543e-10   8.2387e-07   1.0190e-09   1.1013e-05   6.7540e-12   1.3260e-07   1.1888e-08   1.2488e-04   3.6282e-05   2.0535e-01   1.9161e-02   7.7531e-01   7.3832e-07   1.4143e-06
  36    0.0000e+00   9.0684e-08   3.4669e-21   7.1543e-22   7.8433e-16   4.3297e-13   1.8914e-19   1.5983e-12   2.4506e-20   2.7361e-14   2.2606e-17   1.6972e-14   2.3152e-16   1.4345e-08   3.5426e-11   1.9654e-07   2.7929e-10   6.7843e-07   8.3562e-10   9.5531e-06   5.7784e-12   1.1823e-07   1.0775e-08   1.0883e-04   3.3296e-05   1.8579e-01   1.8591e-02   7.9546e-01   6.8528e-07   1.3599e-06
  37    0.0000e+00   9.7376e-08   3.2159e-21   7.1622e-22   8.9175e-16   4.3873e-13   2.0371e-19   1.6083e-12   2.6985e-20   2.8965e-14   2.4630e-17   1.6219e-14   2.2720e-16   1.1927e-08   3.0430e-11   1.6926e-07   2.4773e-10   6.0252e-07   7.4594e-10   8.7582e-06   5.3011e-12   1.1062e-07   1.0132e-08   1.0050e-04   3.1656e-05   1.7543e-01   1.8244e-02   8.0618e-01   6.5914e-07   1.3349e-06
  38    0.0000e+00   1.1325e-07   2.1876e-21   6.0996e-22   1.0057e-15   4.5534e-13   2.0426e-19   1.5934e-12   2.7834e-20   3.2652e-14   3.0216e-17   1.4852e-14   2.2484e-16   6.2593e-09   1.7603e-11   9.9217e-08   1.5898e-10   3.9022e-07   4.9708e-10   6.2828e-06   3.8882e-12   8.5775e-08   8.2624e-09   7.9984e-05   2.7121e-05   1.5151e-01   1.7223e-02   8.3115e-01   6.1848e-07   1.3308e-06
  39    0.0000e+00   1.3259e-07   1.2869e-21   4.5895e-22   1.0259e-15   4.7062e-13   1.9507e-19   1.5797e-12   2.7018e-20   3.6677e-14   3.6600e-17   1.5181e-14   2.4716e-16   3.3430e-09   1.0261e-11   5.9105e-08   1.0284e-10   2.5639e-07   3.3895e-10   4.5559e-06   2.9065e-12   6.7188e-08   6.7503e-09   6.4047e-05   2.3340e-05   1.3099e-01   1.6230e-02   8.5269e-01   5.8484e-07   1.3252e-06
  40    0.0000e+00   1.5623e-07   7.5357e-22   3.5222e-22   1.1130e-15   4.9927e-13   1.9855e-19   1.5652e-12   2.7949e-20   4.1378e-14   4.4849e-17   1.6535e-14   2.9323e-16   1.6472e-09   5.5927e-12   3.2930e-08   6.3095e-11   1.5922e-07   2.2358e-10   3.1541e-06   2.1257e-12   5.1082e-08   5.4081e-09   5.1381e-05   2.0027e-05   1.1493e-01   1.5320e-02   8.6967e-01   5.7487e-07   1.3716e-06
  41    0.0000e+00   2.0247e-07   2.8253e-22   2.3195e-22   1.2922e-15   5.5618e-13   2.1499e-19   1.5009e-12   3.1720e-20   4.9148e-14   6.0814e-17   1.9992e-14   4.0943e-16   4.3016e-10   1.7233e-12   1.0816e-08   2.4328e-11   6.4067e-08   1.0122e-10   1.5552e-06   1.1726e-12   3.0030e-08   3.5814e-09   3.4611e-05   1.5175e-05   9.2091e-02   1.3822e-02   8.9403e-01   5.7794e-07   1.5103e-06
  42    0.0000e+00   2.2395e-07   2.0401e-22   2.0330e-22   1.3807e-15   5.9250e-13   2.1910e-19   1.5062e-12   3.2913e-20   5.2908e-14   6.8829e-17   2.1830e-14   4.7271e-16   2.9366e-10   1.2543e-12   7.9189e-09   1.8997e-11   4.9786e-08   8.3257e-11   1.2778e-06   1.0205e-12   2.6190e-08   3.2017e-09   3.1783e-05   1.4246e-05   8.9041e-02   1.3577e-02   8.9733e-01   5.9996e-07   1.6075e-06
  43    0.0000e+00   2.8636e-07   5.6426e-23   1.1554e-22   1.3246e-15   6.5966e-13   2.0434e-19   1.4199e-12   3.3071e-20   6.1263e-14   9.0525e-17   2.7069e-14   6.8056e-16   6.8946e-11   3.4991e-13   2.3932e-09   6.7834e-12   1.8758e-08   3.5659e-11   5.9907e-07   5.4090e-13   1.4794e-08   2.0630e-09   2.0989e-05   1.0629e-05   7.1057e-02   1.2152e-02   9.1676e-01   6.1232e-07   1.8108e-06
  44    0.0000e+00   3.0117e-07   4.8504e-23   1.1141e-22   1.3947e-15   6.7125e-13   2.1341e-19   1.4264e-12   3.4926e-20   6.3565e-14   9.5947e-17   2.8371e-14   7.3134e-16   5.9543e-11   3.1114e-13   2.1322e-09   6.2201e-12   1.7142e-08   3.3237e-11   5.6030e-07   5.1520e-13   1.4144e-08   1.9656e-09   2.0046e-05   1.0297e-05   6.8928e-02   1.1978e-02   9.1906e-01   6.0922e-07   1.8244e-06
  45    0.0000e+00   4.0490e-07   9.1884e-24   6.1427e-23   1.4194e-15   7.9688e-13   2.0234e-19   1.3186e-12   3.6928e-20   7.4900e-14   1.3062e-16   3.7573e-14   1.1655e-15   8.8226e-12   5.7238e-14   4.4367e-10   1.5993e-12   4.7829e-09   1.1125e-11   2.0807e-07   2.2901e-13   6.7354e-09   1.1227e-09   1.2087e-05   7.1859e-06   5.3596e-02   1.0510e-02   9.3587e-01   6.6206e-07   2.2475e-06
  46    0.0000e+00   4.3400e-07   6.3720e-24   5.2801e-23   1.3960e-15   8.2841e-13   1.9491e-19   1.3114e-12   3.6255e-20   7.8140e-14   1.4076e-16   4.0145e-14   1.2978e-15   6.4487e-12   4.4007e-14   3.4499e-10   1.3062e-12   3.9139e-09   9.4881e-12   1.7857e-07   2.0459e-13   6.0447e-09   1.0246e-09   1.1207e-05   6.8010e-06   5.1737e-02   1.0312e-02   9.3793e-01   6.7506e-07   2.3460e-06
  47    0.0000e+00   5.9233e-07   9.3709e-25   3.2168e-23   1.4648e-15   9.9146e-13   1.8599e-19   1.1906e-12   3.8377e-20   9.0490e-14   1.8594e-16   5.3850e-14   2.1122e-15   8.4378e-13   7.3184e-15   6.3998e-11   3.0377e-13   1.0084e-09   2.9813e-12   6.2916e-08   8.7504e-14   2.7785e-09   5.6510e-10   6.5223e-06   4.6507e-06   3.9418e-02   8.9381e-03   9.5163e-01   7.4318e-07   2.9558e-06
  48    0.0000e+00   9.4443e-07   0.0000e+00   1.8075e-23   1.4130e-15   1.3150e-12   1.4886e-19   9.9716e-13   3.3522e-20   1.0702e-13   2.5755e-16   8.1443e-14   4.2775e-15   9.0511e-14   1.3162e-15   4.7528e-12   3.2126e-14   1.2552e-10   5.1100e-13   1.2925e-08   2.4507e-14   8.6562e-10   2.2896e-10   2.8649e-06   2.6259e-06   2.6189e-02   7.1735e-03   9.6663e-01   8.8965e-07   4.3812e-06
  49    0.0000e+00   8.7433e-07   0.0000e+00   2.0739e-23   1.4959e-15   1.2655e-12   1.6153e-19   1.0606e-12   3.5854e-20   1.0637e-13   2.5062e-16   7.6860e-14   3.8261e-15   1.2159e-13   1.5716e-15   8.7394e-12   5.5413e-14   2.0601e-10   7.9264e-13   1.8835e-08   3.3865e-14   1.1509e-09   2.8381e-10   3.5446e-06   3.0324e-06   2.9433e-02   7.6295e-03   9.6293e-01   8.6944e-07   4.0757e-06
  50    0.0000e+00   9.9114e-07   0.0000e+00   2.0474e-23   1.5739e-15   1.3808e-12   1.5974e-19   1.0337e-12   3.5415e-20   1.1233e-13   2.7457e-16   8.6222e-14   4.6200e-15   9.5459e-14   1.4314e-15   5.0564e-12   3.5217e-14   1.3329e-10   5.5900e-13   1.3592e-08   2.6574e-14   9.1424e-10   2.3534e-10   3.0272e-06   2.7134e-06   2.7431e-02   7.3403e-03   9.6522e-01   9.2196e-07   4.5324e-06
  51    0.0000e+00   2.6629e-06   0.0000e+00   0.0000e+00   1.5168e-15   2.4909e-12   1.0470e-19   5.9113e-13   1.2821e-20   1.1750e-13   3.1508e-16   1.4861e-13   1.3891e-14   1.4998e-13   5.4198e-15   3.1962e-13   4.7970e-15   3.4995e-12   2.8967e-14   8.7513e-10   3.3480e-15   1.4263e-10   4.0434e-11   5.7473e-07   8.9941e-07   1.1441e-02   4.5473e-03   9.8399e-01   1.4493e-06   1.1262e-05
  52    0.0000e+00   8.2936e-06   0.0000e+00   0.0000e+00   1.4693e-15   4.8101e-12   1.1358e-19   1.9012e-13   1.1815e-21   6.3132e-14   1.2660e-16   1.0899e-13   1.5446e-14   1.9769e-13   1.6103e-14   5.4255e-13   2.0493e-14   1.9604e-12   3.5292e-14   3.0784e-10   2.6260e-15   1.4176e-10   8.9590e-12   1.1497e-07   3.5084e-07   4.2325e-03   2.6124e-03   9.9311e-01   2.7377e-06   3.4584e-05
  53    0.0000e+00   5.0003e-05   0.0000e+00   0.0000e+00   1.3621e-15   1.7667e-11   1.6445e-19   6.3982e-14   6.3211e-22   3.9542e-14   3.1789e-17   7.1062e-14   1.0559e-14   1.9234e-13   2.8539e-14   8.3056e-13   1.0858e-13   5.2888e-12   3.4079e-13   1.4872e-10   4.0250e-15   3.6676e-10   2.3862e-12   9.5272e-09   1.2239e-07   3.7393e-04   6.1284e-04   9.9876e-01   1.4197e-05   1.8631e-04
  54    0.0000e+00   2.7298e-03   0.0000e+00   4.8681e-23   1.0972e-15   1.8568e-07   7.8542e-17   2.7510e-10   4.6541e-17   4.3709e-10   2.2495e-14   8.6103e-10   7.5536e-11   4.3561e-09   4.7848e-10   2.1207e-08   4.7539e-09   1.0933e-07   1.9054e-08   2.2884e-07   1.9905e-09   7.0654e-07   2.7924e-08   1.0858e-06   1.6419e-08   2.8534e-06   1.8716e-05   9.8642e-01   7.2327e-04   1.0081e-02
  55    0.0000e+00   1.9710e-03   0.0000e+00   1.9399e-23   1.0271e-15   7.8045e-08   1.5220e-17   1.1614e-10   1.3733e-17   1.7452e-10   1.1739e-14   3.3770e-10   3.2053e-11   1.6433e-09   1.8578e-10   7.7496e-09   1.6854e-09   4.0334e-08   6.5602e-09   8.8206e-08   4.7852e-10   2.7650e-07   1.0038e-08   4.3354e-07   6.9951e-09   3.4011e-06   1.9565e-05   9.8952e-01   6.9016e-04   7.7759e-03
  56    0.0000e+00   2.9141e-03   0.0000e+00   4.3473e-23   9.7626e-16   2.1091e-07   9.4911e-17   3.1225e-10   5.2715e-17   4.9868e-10   2.4927e-14   9.8283e-10   8.5327e-11   4.9775e-09   5.4498e-10   2.4230e-08   5.4947e-09   1.2414e-07   2.2239e-08   2.5992e-07   2.3375e-09   8.0400e-07   3.2974e-08   1.2361e-06   1.9293e-08   2.9766e-06   1.8128e-05   9.8577e-01   7.4643e-04   1.0518e-02
  57    0.0000e+00   3.2114e-03   0.0000e+00   5.7958e-23   1.0122e-15   2.6441e-07   1.5375e-16   3.9161e-10   7.2884e-17   6.3373e-10   2.9448e-14   1.2570e-09   1.0721e-10   6.4153e-09   6.9845e-10   3.1510e-08   7.1818e-09   1.6093e-07   2.9255e-08   3.3355e-07   3.3557e-09   1.0285e-06   4.2864e-08   1.5741e-06   2.5325e-08   3.2657e-06   1.7662e-05   9.8478e-01   7.5567e-04   1.1204e-02
  58    0.0000e+00   2.4097e-03   0.0000e+00   2.2761e-23   1.0949e-15   1.2418e-07   3.0432e-17   1.8382e-10   2.4231e-17   2.8316e-10   1.6579e-14   5.5058e-10   5.0133e-11   2.7144e-09   3.0271e-10   1.2856e-08   2.8981e-09   6.6025e-08   1.1608e-08   1.4268e-07   9.3101e-10   4.4748e-07   1.8052e-08   6.9981e-07   1.0845e-08   2.9530e-06   1.8390e-05   9.8770e-01   7.4883e-04   9.1010e-03
  59    0.0000e+00   3.0960e-03   0.0000e+00   3.7529e-23   9.1423e-16   2.3214e-07   1.0493e-16   3.4345e-10   5.6903e-17   5.4894e-10   2.6987e-14   1.0811e-09   9.3121e-11   5.4683e-09   5.9725e-10   2.6499e-08   6.0844e-09   1.3472e-07   2.4892e-08   2.8269e-07   2.5434e-09   8.7803e-07   3.7741e-08   1.3559e-06   2.1952e-08   3.1125e-06   1.7450e-05   9.8518e-01   7.7950e-04   1.0898e-02
  60    0.0000e+00   3.8500e-03   0.0000e+00   7.5817e-23   9.4369e-16   3.9676e-07   3.5535e-16   5.8743e-10   1.3797e-16   9.7189e-10   3.9221e-14   1.9460e-09   1.5967e-10   1.0097e-08   1.0765e-09   4.9972e-08   1.1476e-08   2.5202e-07   4.7445e-08   5.1391e-07   6.1422e-09   1.5794e-06   6.9015e-08   2.4102e-06   4.1919e-08   4.2249e-06   1.6669e-05   9.8272e-01   7.8623e-04   1.2584e-02
  61    0.0000e+00   3.6550e-03   0.0000e+00   6.2247e-23   9.9994e-16   3.4198e-07   2.3001e-16   5.0606e-10   9.3804e-17   8.2595e-10   3.6271e-14   1.6411e-09   1.3686e-10   8.3918e-09   9.0686e-10   4.1239e-08   9.5883e-09   2.0766e-07   3.9777e-08   4.2857e-07   4.5905e-09   1.3257e-06   5.9669e-08   2.0373e-06   3.5430e-08   3.8097e-06   1.6667e-05   9.8327e-01   8.0819e-04   1.2211e-02
  62    0.0000e+00   3.6030e-03   0.0000e+00   5.7586e-23   1.0249e-15   3.2302e-07   1.9613e-16   4.7791e-10   8.4614e-17   7.7576e-10   3.5029e-14   1.5364e-09   1.2873e-10   7.8267e-09   8.4678e-10   3.8246e-08   8.9104e-09   1.9200e-07   3.6976e-08   3.9831e-07   4.0614e-09   1.2359e-06   5.6227e-08   1.9061e-06   3.3132e-08   3.6830e-06   1.6536e-05   9.8349e-01   8.1560e-04   1.2034e-02
  63    0.0000e+00   4.3517e-03   0.0000e+00   8.7075e-23   9.8454e-16   5.0781e-07   5.3267e-16   7.5246e-10   1.8070e-16   1.2553e-09   4.8025e-14   2.5185e-09   2.0260e-10   1.3106e-08   1.3865e-09   6.5012e-08   1.5172e-08   3.2383e-07   6.3662e-08   6.5696e-07   8.3825e-09   2.0188e-06   9.3819e-08   3.0876e-06   5.7867e-08   5.1373e-06   1.5820e-05   9.8115e-01   8.2984e-04   1.3600e-02
  64    0.0000e+00   5.1527e-03   0.0000e+00   1.4548e-22   9.5373e-16   7.5058e-07   1.5472e-15   1.1183e-09   4.0509e-16   1.9053e-09   6.5382e-14   3.8900e-09   3.0326e-10   2.0774e-08   2.1651e-09   1.0595e-07   2.4200e-08   5.2419e-07   1.0001e-07   1.0268e-06   1.6185e-08   3.1223e-06   1.4086e-07   4.7341e-06   9.1965e-08   7.3674e-06   1.5165e-05   9.7907e-01   8.1479e-04   1.4877e-02
  65    0.0000e+00   4.5523e-03   0.0000e+00   8.2046e-23   9.7777e-16   5.3896e-07   5.5584e-16   7.9913e-10   1.7351e-16   1.3287e-09   5.1918e-14   2.6605e-09   2.1389e-10   1.3758e-08   1.4627e-09   6.8208e-08   1.6132e-08   3.3663e-07   6.8134e-08   6.8319e-07   8.5114e-09   2.1038e-06   1.0244e-07   3.2328e-06   6.2869e-08   5.3798e-06   1.5286e-05   9.8060e-01   8.6421e-04   1.3910e-02
  66    0.0000e+00   4.4878e-03   0.0000e+00   6.5475e-23   9.5266e-16   5.0722e-07   4.3244e-16   7.5151e-10   1.4261e-16   1.2401e-09   5.0440e-14   2.4682e-09   1.9912e-10   1.2661e-08   1.3490e-09   6.2251e-08   1.4857e-08   3.0497e-07   6.3184e-08   6.2399e-07   7.1924e-09   1.9294e-06   9.7660e-08   2.9838e-06   5.8953e-08   5.0927e-06   1.5143e-05   9.8066e-01   8.9527e-04   1.3880e-02
  67    0.0000e+00   5.0714e-03   0.0000e+00   9.0290e-23   9.3029e-16   6.6784e-07   8.5544e-16   9.9177e-10   2.3678e-16   1.6628e-09   6.1707e-14   3.3442e-09   2.6447e-10   1.7387e-08   1.8336e-09   8.6554e-08   2.0612e-08   4.2404e-07   8.7785e-08   8.5285e-07   1.1350e-08   2.6104e-06   1.3127e-07   4.0043e-06   8.2080e-08   6.4723e-06   1.4599e-05   9.7924e-01   8.8877e-04   1.4715e-02
  68    0.0000e+00   5.8348e-03   0.0000e+00   1.2891e-22   9.1521e-16   9.2513e-07   1.9302e-15   1.3801e-09   4.4721e-16   2.3535e-09   7.9618e-14   4.7888e-09   3.6902e-10   2.5340e-08   2.6403e-09   1.2875e-07   3.0327e-08   6.2605e-07   1.2892e-07   1.2323e-06   1.9353e-08   3.7346e-06   1.8574e-07   5.6758e-06   1.2143e-07   8.8207e-06   1.4075e-05   9.7731e-01   8.8357e-04   1.5877e-02
  69    0.0000e+00   5.8691e-03   0.0000e+00   1.1657e-22   9.3348e-16   9.1601e-07   1.6901e-15   1.3639e-09   4.1182e-16   2.3224e-09   7.7648e-14   4.7090e-09   3.6133e-10   2.4798e-08   2.5722e-09   1.2462e-07   2.9623e-08   6.0350e-07   1.2737e-07   1.1969e-06   1.7983e-08   3.6280e-06   1.8669e-07   5.5251e-06   1.2062e-07   8.6534e-06   1.3899e-05   9.7718e-01   9.1013e-04   1.5948e-02
  70    0.0000e+00   6.9514e-03   0.0000e+00   2.0648e-22   9.7252e-16   1.3451e-06   4.9710e-15   2.0193e-09   1.0082e-15   3.5137e-09   1.0459e-13   7.2570e-09   5.4240e-10   3.9343e-08   4.0184e-09   2.0361e-07   4.7223e-08   9.8554e-07   1.9935e-07   1.8840e-06   3.5162e-08   5.6235e-06   2.7310e-07   8.4381e-06   1.8827e-07   1.2830e-05   1.3316e-05   9.7483e-01   8.7574e-04   1.7228e-02
  71    0.0000e+00   6.9861e-03   0.0000e+00   0.0000e+00   0.0000e+00   1.3292e-06   4.1989e-15   1.9917e-09   8.5972e-16   3.4451e-09   1.0535e-13   7.0733e-09   5.2826e-10   3.7960e-08   3.8863e-09   1.9474e-07   4.5971e-08   9.3588e-07   1.9767e-07   1.8130e-06   3.1913e-08   5.4161e-06   2.7787e-07   8.1404e-06   1.8798e-07   1.2464e-05   1.3119e-05   9.7463e-01   9.1571e-04   1.7358e-02
  72    0.0000e+00   7.3215e-03   0.0000e+00   0.0000e+00   0.0000e+00   1.4451e-06   4.6966e-15   2.1671e-09   9.3795e-16   3.7608e-09   1.1254e-13   7.7202e-09   5.7361e-10   4.1411e-08   4.2290e-09   2.1243e-07   5.0527e-08   1.0200e-06   2.1882e-07   1.9734e-06   3.5158e-08   5.8814e-06   3.0709e-07   8.7903e-06   2.0802e-07   1.3446e-05   1.2822e-05   9.7387e-01   9.3335e-04   1.7760e-02
  73    0.0000e+00   7.3393e-03   0.0000e+00   0.0000e+00   0.0000e+00   1.4135e-06   3.9840e-15   2.1168e-09   7.9891e-16   3.6537e-09   1.1142e-13   7.4658e-09   5.5508e-10   3.9680e-08   4.0650e-09   2.0213e-07   4.8703e-08   9.6418e-07   2.1398e-07   1.8877e-06   3.1673e-08   5.6336e-06   3.0682e-07   8.4095e-06   2.0365e-07   1.2944e-05   1.2615e-05   9.7374e-01   9.6919e-04   1.7837e-02
  74    0.0000e+00   8.2199e-03   0.0000e+00   0.0000e+00   0.0000e+00   1.7964e-06   7.7433e-15   2.7076e-09   1.4154e-15   4.7359e-09   1.3573e-13   9.7806e-09   7.1794e-10   5.2910e-08   5.3735e-09   2.7436e-07   6.5355e-08   1.3156e-06   2.8382e-07   2.5182e-06   4.8179e-08   7.4392e-06   3.8970e-07   1.0960e-05   2.6820e-07   1.6612e-05   1.2174e-05   9.7209e-01   9.4567e-04   1.8615e-02
  75    0.0000e+00   8.8530e-03   0.0000e+00   0.0000e+00   0.0000e+00   2.0834e-06   1.1420e-14   3.1514e-09   1.9781e-15   5.5426e-09   1.5349e-13   1.1515e-08   8.3739e-10   6.2866e-08   6.3533e-09   3.2873e-07   7.7863e-08   1.5724e-06   3.3887e-07   2.9871e-06   6.0843e-08   8.7791e-06   4.5541e-07   1.2819e-05   3.1785e-07   1.9277e-05   1.1857e-05   9.7086e-01   9.4465e-04   1.9200e-02
  76    0.0000e+00   1.3164e-02   0.0000e+00   0.0000e+00   0.0000e+00   6.2378e-06   7.3866e-14   9.7530e-09   1.3585e-14   1.7908e-08   3.5431e-13   3.8074e-08   2.4343e-09   2.1100e-07   1.9893e-08   1.1435e-06   2.7849e-07   5.2176e-06   1.3206e-06   9.6503e-06   2.8590e-07   2.8689e-05   1.7764e-06   4.1128e-05   1.3883e-06   6.1682e-05   1.2841e-05   9.5588e-01   1.1946e-03   2.9390e-02
  77    0.0000e+00   1.3652e-02   0.0000e+00   0.0000e+00   0.0000e+00   6.5748e-06   8.4504e-14   1.0294e-08   1.5282e-14   1.8942e-08   3.6538e-13   4.0377e-08   2.5706e-09   2.2494e-07   2.1088e-08   1.2175e-06   2.9538e-07   5.5491e-06   1.4035e-06   1.0275e-05   3.0870e-07   3.0498e-05   1.8751e-06   4.3404e-05   1.4629e-06   6.4761e-05   1.2640e-05   9.5526e-01   1.1922e-03   2.9509e-02
  78    0.0000e+00   1.3982e-02   0.0000e+00   0.0000e+00   0.0000e+00   6.7178e-06   8.9880e-14   1.0526e-08   1.5916e-14   1.9377e-08   3.7616e-13   4.1331e-08   2.6399e-09   2.3043e-07   2.1653e-08   1.2487e-06   3.0311e-07   5.7016e-06   1.4412e-06   1.0569e-05   3.1831e-07   3.1366e-05   1.9242e-06   4.4461e-05   1.4923e-06   6.5849e-05   1.2416e-05   9.5498e-01   1.1907e-03   2.9459e-02
  79    0.0000e+00   1.4011e-02   0.0000e+00   0.0000e+00   0.0000e+00   6.5781e-06   8.7482e-14   1.0300e-08   1.5224e-14   1.8935e-08   3.7481e-13   4.0327e-08   2.5948e-09   2.2482e-07   2.1229e-08   1.2182e-06   2.9623e-07   5.5823e-06   1.4060e-06   1.0372e-05   3.0882e-07   3.0756e-05   1.8787e-06   4.3507e-05   1.4464e-06   6.4236e-05   1.2207e-05   9.5534e-01   1.1842e-03   2.9087e-02
  80    0.0000e+00   1.3862e-02   0.0000e+00   0.0000e+00   0.0000e+00   6.2097e-06   8.4376e-14   9.7194e-09   1.4269e-14   1.7792e-08   3.7347e-13   3.7862e-08   2.4818e-09   2.1121e-07   2.0207e-08   1.1502e-06   2.7963e-07   5.3008e-06   1.3158e-06   9.8452e-06   2.8969e-07   2.9157e-05   1.7468e-06   4.1137e-05   1.3319e-06   6.0417e-05   1.1927e-05   9.5640e-01   1.1573e-03   2.8225e-02
  81    0.0000e+00   1.3006e-02   0.0000e+00   0.0000e+00   0.0000e+00   5.1128e-06   5.9817e-14   7.9356e-09   9.7138e-15   1.4412e-08   3.2045e-13   3.0492e-08   2.0497e-09   1.6994e-07   1.6504e-08   9.1884e-07   2.2364e-07   4.2871e-06   1.0392e-06   8.0178e-06   2.2000e-07   2.3685e-05   1.3872e-06   3.3453e-05   1.0317e-06   4.8990e-05   1.1480e-05   9.5938e-01   1.1173e-03   2.6204e-02
  82    0.0000e+00   1.1019e-02   0.0000e+00   0.0000e+00   0.0000e+00   3.2071e-06   2.7488e-14   4.9066e-09   4.2095e-15   8.7460e-09   2.2631e-13   1.8350e-08   1.3066e-09   1.0169e-07   1.0210e-08   5.4359e-07   1.3087e-07   2.5873e-06   5.8750e-07   4.9017e-06   1.1489e-07   1.4398e-05   7.8620e-07   2.0403e-05   5.5525e-07   2.9811e-05   1.0921e-05   9.6580e-01   1.0173e-03   2.1967e-02
  83    0.0000e+00   7.2711e-03   0.0000e+00   0.0000e+00   0.0000e+00   1.0498e-06   4.4347e-15   1.5876e-09   7.2592e-16   2.7017e-09   1.0196e-13   5.5599e-09   4.4978e-10   3.0106e-08   3.2139e-09   1.5576e-07   3.6028e-08   7.7356e-07   1.4961e-07   1.5163e-06   2.4030e-08   4.4015e-06   1.9715e-07   6.2758e-06   1.2477e-07   9.4698e-06   1.0796e-05   9.7734e-01   8.1133e-04   1.4502e-02
  84    0.0000e+00   7.0289e-04   0.0000e+00   0.0000e+00   0.0000e+00   2.1615e-09   6.1777e-18   4.1144e-12   6.0399e-19   4.7526e-12   1.0574e-15   9.5564e-12   1.2225e-12   3.8785e-11   3.7847e-12   1.8809e-10   1.8108e-11   9.9202e-10   5.5026e-11   2.3629e-09   1.9938e-12   6.5681e-09   6.1699e-11   1.1459e-08   3.8785e-08   7.2432e-05   1.8253e-05   9.9738e-01   2.8143e-04   1.5429e-03
  85    0.0000e+00   2.0014e-11   0.0000e+00   0.0000e+00   0.0000e+00   1.2875e-10   3.6904e-17   1.1644e-09   2.3651e-22   1.2297e-13   8.3744e-18   2.2572e-09   1.3015e-12   5.7843e-04   9.9364e-09   1.3510e-03   5.8078e-09   9.2805e-04   3.6294e-08   2.8578e-03   2.4971e-11   3.8745e-06   1.0748e-07   5.1496e-04   7.4955e-05   5.9777e-02   1.0008e-02   9.2391e-01   2.6562e-08   1.0200e-08
  86    0.0000e+00   5.5508e-13   0.0000e+00   0.0000e+00   0.0000e+00   2.0959e-09   4.9934e-16   1.5320e-08   2.9731e-22   9.5019e-13   1.9803e-16   2.6658e-08   1.2130e-11   4.3531e-03   5.9292e-08   7.1794e-03   2.2273e-08   3.5231e-03   1.1087e-07   7.8703e-03   5.0763e-11   7.4121e-06   2.0822e-07   9.2823e-04   1.1095e-04   7.2408e-02   1.0649e-02   8.9297e-01   2.0555e-08   6.3616e-09
  87    0.0000e+00   1.3650e-13   0.0000e+00   4.6311e-24   0.0000e+00   6.9837e-09   1.6513e-15   4.6582e-08   7.5469e-22   2.4803e-12   1.3140e-15   7.7122e-08   3.3814e-11   1.0571e-02   1.3873e-07   1.5295e-02   4.3137e-08   6.5999e-03   1.8331e-07   1.2998e-02   7.1172e-11   1.0676e-05   2.6506e-07   1.1700e-03   1.2341e-04   7.3407e-02   1.0259e-02   8.6956e-01   1.7134e-08   4.8090e-09
  88    0.0000e+00   4.9850e-14   0.0000e+00   9.2699e-24   1.3071e-24   1.6323e-08   3.7031e-15   1.0221e-07   1.4037e-21   4.9570e-12   6.1833e-15   1.5942e-07   6.6012e-11   1.9391e-02   2.4187e-07   2.5660e-02   6.7908e-08   1.0151e-02   2.6455e-07   1.8336e-02   9.3143e-11   1.3763e-05   3.1504e-07   1.3617e-03   1.3381e-04   7.5036e-02   1.0077e-02   8.3984e-01   1.5398e-08   4.0961e-09
  89    0.0000e+00   2.6005e-14   0.0000e+00   2.1701e-23   1.1990e-22   3.0073e-08   7.3505e-15   1.7665e-07   2.5373e-21   8.0443e-12   2.0682e-14   2.7649e-07   1.1993e-10   3.0717e-02   3.9703e-07   3.8019e-02   9.6967e-08   1.4095e-02   3.3014e-07   2.3861e-02   1.0466e-10   1.6692e-05   3.3962e-07   1.4995e-03   1.3216e-04   7.0733e-02   9.1970e-03   8.1173e-01   1.2854e-08   3.2021e-09
  90    0.0000e+00   1.1367e-14   0.0000e+00   2.8564e-23   1.6466e-22   4.7996e-08   9.1391e-15   2.8430e-07   2.8517e-21   1.2253e-11   5.3094e-14   4.4852e-07   1.5440e-10   4.5636e-02   4.8721e-07   5.2957e-02   1.2808e-07   1.8410e-02   4.7232e-07   2.9254e-02   1.4928e-10   1.9338e-05   4.1394e-07   1.6558e-03   1.5614e-04   8.0718e-02   1.0195e-02   7.6100e-01   1.4087e-08   3.5695e-09
  91    0.0000e+00   7.1269e-15   0.0000e+00   4.4310e-23   3.2445e-22   7.2037e-08   1.3132e-14   4.2154e-07   3.8613e-21   1.7445e-11   1.2180e-13   6.7358e-07   2.2017e-10   6.3747e-02   6.4980e-07   7.0039e-02   1.6358e-07   2.3106e-02   5.8044e-07   3.4835e-02   1.7396e-10   2.1844e-05   4.4781e-07   1.7544e-03   1.6042e-04   8.0085e-02   9.8631e-03   7.1639e-01   1.2999e-08   3.2061e-09
  92    0.0000e+00   4.7653e-15   0.0000e+00   6.2758e-23   4.6432e-22   1.0380e-07   1.7317e-14   6.0240e-07   4.8591e-21   2.4106e-11   2.5742e-13   9.8210e-07   2.9417e-10   8.6460e-02   8.1924e-07   9.0139e-02   2.0440e-07   2.8236e-02   7.1542e-07   4.0411e-02   2.0649e-10   2.4118e-05   4.8573e-07   1.8332e-03   1.6669e-04   8.0668e-02   9.6738e-03   6.6238e-01   1.2288e-08   2.9949e-09
  93    0.0000e+00   3.4176e-15   0.0000e+00   7.2660e-23   5.4428e-22   1.3392e-07   1.9206e-14   7.9168e-07   5.2634e-21   3.0940e-11   4.3162e-13   1.2859e-06   3.3649e-10   1.0704e-01   9.1202e-07   1.0711e-01   2.4038e-07   3.2232e-02   8.6936e-07   4.4320e-02   2.4909e-10   2.5551e-05   5.2971e-07   1.8858e-03   1.7832e-04   8.5073e-02   9.9257e-03   6.1220e-01   1.2480e-08   3.1054e-09
  94    0.0000e+00   2.8713e-15   8.7363e-25   1.2166e-22   9.2821e-22   2.0761e-07   2.9840e-14   1.2018e-06   7.6186e-21   4.6001e-11   1.0564e-12   1.9942e-06   5.1286e-10   1.5163e-01   1.2622e-06   1.4183e-01   3.0241e-07   3.9927e-02   1.0092e-06   5.1402e-02   2.6658e-10   2.7634e-05   5.2829e-07   1.8737e-03   1.6593e-04   7.5342e-02   8.5505e-03   5.2925e-01   9.9954e-09   2.3569e-09
  95    0.0000e+00   2.1360e-15   1.1412e-24   1.5960e-22   1.2298e-21   2.9724e-07   3.5803e-14   1.7744e-06   8.7943e-21   6.6541e-11   2.2064e-12   3.0288e-06   6.6031e-10   2.0782e-01   1.5167e-06   1.8039e-01   3.7770e-07   4.7199e-02   1.2648e-06   5.6401e-02   3.2185e-10   2.8368e-05   5.5139e-07   1.8118e-03   1.6473e-04   7.2323e-02   7.8277e-03   4.2603e-01   8.8148e-09   2.0972e-09
  96    0.0000e+00   1.4644e-15   1.3830e-24   1.9292e-22   1.4762e-21   4.2804e-07   3.8098e-14   2.8128e-06   1.0659e-20   1.0350e-10   4.7054e-12   4.7160e-06   7.8243e-10   2.8420e-01   1.7022e-06   2.2423e-01   5.2145e-07   5.3391e-02   1.7678e-06   5.8081e-02   4.2234e-10   2.7023e-05   5.8205e-07   1.6560e-03   1.6445e-04   7.0629e-02   7.0404e-03   3.0057e-01   7.6540e-09   1.9472e-09
  97    0.0000e+00   1.1540e-15   1.5090e-24   2.0951e-22   1.6511e-21   5.5896e-07   3.9037e-14   4.0656e-06   1.1406e-20   1.4404e-10   8.2608e-12   6.6481e-06   8.8136e-10   3.5449e-01   1.8266e-06   2.5588e-01   6.1700e-07   5.5840e-02   2.0711e-06   5.5641e-02   4.8746e-10   2.4165e-05   5.6411e-07   1.4506e-03   1.5152e-04   6.5479e-02   5.8889e-03   2.0514e-01   6.2921e-09   1.7284e-09
  98    0.0000e+00   9.1843e-16   1.5198e-24   2.1176e-22   1.7138e-21   6.9230e-07   3.7216e-14   5.8114e-06   1.1419e-20   1.9547e-10   1.3107e-11   8.8443e-06   9.2086e-10   4.1666e-01   1.8631e-06   2.7496e-01   7.1940e-07   5.4906e-02   2.4326e-06   5.0123e-02   5.7270e-10   2.0617e-05   5.4549e-07   1.2701e-03   1.4008e-04   6.2877e-02   4.9251e-03   1.3410e-01   5.3283e-09   1.6428e-09
  99    0.0000e+00   7.7428e-16   1.5628e-24   2.1746e-22   1.7641e-21   8.3412e-07   3.5360e-14   8.2452e-06   1.2964e-20   2.6236e-10   1.9723e-11   1.1374e-05   9.5378e-10   4.7145e-01   1.9113e-06   2.8343e-01   8.9656e-07   5.1657e-02   2.9061e-06   4.3035e-02   6.6747e-10   1.7093e-05   5.2143e-07   1.1298e-03   1.2792e-04   6.0595e-02   4.0294e-03   8.4499e-02   4.4305e-09   1.5750e-09
 100    0.0000e+00   7.6968e-16   1.6136e-24   2.2353e-22   1.8141e-21   9.1461e-07   3.5075e-14   9.8778e-06   1.4576e-20   3.0563e-10   2.4066e-11   1.2837e-05   9.8383e-10   4.9594e-01   1.9633e-06   2.8436e-01   1.0232e-06   4.9474e-02   3.1854e-06   3.9321e-02   7.2034e-10   1.5527e-05   5.0874e-07   1.0818e-03   1.2200e-04   5.9636e-02   3.6199e-03   6.6399e-02   4.1547e-09   1.5526e-09
 101    0.0000e+00   7.7834e-16   1.6343e-24   2.2545e-22   1.8357e-21   9.7948e-07   3.4725e-14   1.1409e-05   1.5867e-20   3.4398e-10   2.8024e-11   1.4056e-05   1.0062e-09   5.1432e-01   2.0062e-06   2.8358e-01   1.1336e-06   4.7486e-02   3.4179e-06   3.6338e-02   7.6411e-10   1.4381e-05   4.9862e-07   1.0562e-03   1.1751e-04   5.9207e-02   3.3146e-03   5.4529e-02   3.9622e-09   1.5436e-09
 102    0.0000e+00   7.3754e-16   1.6223e-24   2.2489e-22   1.8610e-21   1.0214e-06   3.4868e-14   1.2394e-05   1.5651e-20   3.6757e-10   3.0750e-11   1.4797e-05   1.0191e-09   5.2412e-01   2.0085e-06   2.8271e-01   1.1574e-06   4.6370e-02   3.5028e-06   3.4710e-02   7.8535e-10   1.3790e-05   4.9166e-07   1.0454e-03   1.1483e-04   5.8900e-02   3.1444e-03   4.8830e-02   3.8127e-09   1.5395e-09
 103    0.0000e+00   7.6241e-16   1.6410e-24   2.2736e-22   1.8865e-21   1.0623e-06   3.5107e-14   1.3389e-05   1.6145e-20   3.9121e-10   3.3391e-11   1.5521e-05   1.0360e-09   5.3285e-01   2.0276e-06   2.8169e-01   1.2002e-06   4.5258e-02   3.6019e-06   3.3230e-02   8.0618e-10   1.3285e-05   4.8602e-07   1.0397e-03   1.1261e-04   5.8664e-02   2.9966e-03   4.4107e-02   3.7662e-09   1.5381e-09
 104    0.0000e+00   7.7954e-16   1.6919e-24   2.3322e-22   1.9215e-21   1.1135e-06   3.5500e-14   1.4688e-05   1.7617e-20   4.2197e-10   3.6799e-11   1.6391e-05   1.0615e-09   5.4289e-01   2.0729e-06   2.8006e-01   1.2795e-06   4.3958e-02   3.7479e-06   3.1515e-02   8.3573e-10   1.2735e-05   4.8065e-07   1.0361e-03   1.1010e-04   5.8443e-02   2.8307e-03   3.9106e-02   3.7103e-09   1.5348e-09
 105    0.0000e+00   7.7359e-16   1.7208e-24   2.3688e-22   1.9712e-21   1.1640e-06   3.6173e-14   1.5942e-05   1.8041e-20   4.5220e-10   4.0329e-11   1.7160e-05   1.0842e-09   5.5076e-01   2.0873e-06   2.7855e-01   1.3239e-06   4.2882e-02   3.8532e-06   3.0141e-02   8.5695e-10   1.2322e-05   4.7626e-07   1.0367e-03   1.0819e-04   5.8330e-02   2.6999e-03   3.5441e-02   3.6579e-09   1.5349e-09
 106    0.0000e+00   7.8197e-16   1.7801e-24   2.4660e-22   2.0448e-21   1.2276e-06   3.7231e-14   1.7583e-05   1.9629e-20   4.9339e-10   4.5028e-11   1.8043e-05   1.1212e-09   5.5943e-01   2.1351e-06   2.7665e-01   1.4214e-06   4.1657e-02   4.0231e-06   2.8648e-02   8.8501e-10   1.1914e-05   4.7260e-07   1.0402e-03   1.0617e-04   5.8145e-02   2.5601e-03   3.1706e-02   3.5530e-09   1.5340e-09
 107    0.0000e+00   8.0314e-16   1.8461e-24   2.5492e-22   2.1306e-21   1.3055e-06   3.8813e-14   1.9567e-05   2.1111e-20   5.4338e-10   5.1010e-11   1.8897e-05   1.1566e-09   5.6725e-01   2.1691e-06   2.7479e-01   1.4909e-06   4.0576e-02   4.1611e-06   2.7335e-02   9.1587e-10   1.1583e-05   4.6690e-07   1.0448e-03   1.0391e-04   5.7985e-02   2.4237e-03   2.8432e-02   3.5217e-09   1.5394e-09
 108    0.0000e+00   8.3448e-16   1.9184e-24   2.6315e-22   2.2101e-21   1.4077e-06   4.0760e-14   2.2466e-05   2.3557e-20   6.1568e-10   5.9241e-11   1.9819e-05   1.1981e-09   5.7546e-01   2.2265e-06   2.7314e-01   1.6146e-06   3.9503e-02   4.4487e-06   2.6084e-02   9.8738e-10   1.1318e-05   4.5382e-07   1.0460e-03   1.0022e-04   5.7813e-02   2.2480e-03   2.4540e-02   3.5746e-09   1.5671e-09
 109    0.0000e+00   8.7767e-16   1.9177e-24   2.6343e-22   2.2255e-21   1.5529e-06   4.3049e-14   2.7506e-05   2.8290e-20   7.4389e-10   7.2057e-11   2.0716e-05   1.2546e-09   5.8414e-01   2.3707e-06   2.7234e-01   1.9368e-06   3.8711e-02   5.2678e-06   2.5120e-02   1.2065e-09   1.1228e-05   4.1810e-07   1.0341e-03   9.2285e-05   5.7433e-02   1.9644e-03   1.9096e-02   3.7183e-09   1.6739e-09
 110    0.0000e+00   1.0847e-15   3.2798e-24   4.4648e-22   3.7550e-21   2.7501e-06   8.9094e-14   7.8791e-05   8.6589e-20   2.2080e-09   2.2522e-10   2.1459e-05   1.8493e-09   5.9272e-01   3.0163e-06   2.7375e-01   3.3908e-06   3.8565e-02   9.1133e-06   2.4816e-02   2.2998e-09   1.1788e-05   3.2833e-07   1.0135e-03   7.3372e-05   5.6694e-02   1.3787e-03   1.0865e-02   4.8998e-09   2.0324e-09
 111    0.0000e+00   1.4784e-15   1.0524e-23   1.4028e-21   1.2166e-20   7.8758e-06   8.2739e-13   9.2722e-04   1.8890e-18   2.5487e-08   2.0158e-09   2.3116e-05   1.0730e-08   5.9620e-01   1.1450e-05   2.7622e-01   2.4615e-05   3.9134e-02   5.4739e-05   2.5250e-02   8.1320e-09   1.7439e-05   2.1197e-07   1.0967e-03   6.1318e-05   5.5819e-02   4.2852e-04   4.7203e-03   5.2949e-09   1.1362e-09
 112    0.0000e+00   6.0036e-16   5.9108e-24   7.6784e-22   7.4080e-21   1.1296e-05   2.5311e-12   3.4637e-03   4.8549e-18   8.7954e-08   6.5177e-09   2.8696e-05   8.7958e-08   5.9515e-01   1.0996e-04   2.7802e-01   1.5624e-04   4.0408e-02   2.4519e-04   2.5441e-02   1.1105e-08   2.8317e-05   2.9369e-07   1.1381e-03   1.7915e-04   5.2181e-02   1.7067e-04   3.2682e-03   2.0373e-09   3.2850e-10
 113    0.0000e+00   5.1004e-16   7.0985e-24   9.3527e-22   9.5069e-21   1.2793e-05   4.7033e-12   6.9429e-03   8.6542e-18   1.7178e-07   9.4748e-09   3.7613e-05   2.0588e-07   5.9421e-01   1.7540e-04   2.7849e-01   2.3381e-04   4.1282e-02   3.5113e-04   2.5267e-02   1.7808e-08   4.0020e-05   4.1695e-07   1.1750e-03   2.4615e-04   4.8522e-02   1.7405e-04   2.8417e-03   2.2916e-09   3.6648e-10
 114    0.0000e+00   3.4853e-16   9.7262e-24   1.2467e-21   1.3343e-20   1.3404e-05   8.4976e-12   1.3136e-02   1.6151e-17   3.2503e-07   1.1273e-08   5.4204e-05   4.4658e-07   5.9205e-01   2.4784e-04   2.7846e-01   3.1817e-04   4.2447e-02   4.6219e-04   2.4998e-02   2.8634e-08   5.9272e-05   5.7296e-07   1.2216e-03   2.9769e-04   4.3628e-02   1.7738e-04   2.4264e-03   2.7088e-09   4.3742e-10
 115    0.0000e+00   2.3102e-16   1.3078e-23   1.5434e-21   1.7577e-20   1.3295e-05   1.2782e-11   2.0223e-02   2.4972e-17   5.0479e-07   1.1742e-08   7.3333e-05   7.4740e-07   5.8846e-01   3.0474e-04   2.7826e-01   3.8420e-04   4.3588e-02   5.4756e-04   2.4856e-02   3.9141e-08   7.8936e-05   7.1008e-07   1.2516e-03   3.1939e-04   3.9338e-02   1.7493e-04   2.1241e-03   2.8754e-09   4.9211e-10
 116    0.0000e+00   1.1051e-16   1.7513e-23   1.9472e-21   2.4781e-20   1.2527e-05   2.0031e-11   3.2541e-02   4.1516e-17   8.3375e-07   1.1082e-08   1.0528e-04   1.2902e-06   5.7989e-01   3.7414e-04   2.7820e-01   4.6693e-04   4.5582e-02   6.5715e-04   2.5011e-02   5.6430e-08   1.0968e-04   9.0301e-07   1.2550e-03   3.2194e-04   3.3534e-02   1.6499e-04   1.7696e-03   3.0358e-09   5.4718e-10
 117    0.0000e+00   5.4353e-17   2.2828e-23   2.3783e-21   3.4041e-20   1.1593e-05   2.8603e-11   4.7210e-02   6.3330e-17   1.2465e-06   1.0009e-08   1.4213e-04   1.9475e-06   5.6878e-01   4.3148e-04   2.7765e-01   5.3847e-04   4.7569e-02   7.5463e-04   2.5313e-02   7.5180e-08   1.4191e-04   1.0994e-06   1.2276e-03   3.0413e-04   2.8299e-02   1.5049e-04   1.4774e-03   2.9866e-09   5.7374e-10
 118    0.0000e+00   1.6952e-17   3.2144e-23   3.1318e-21   5.5199e-20   1.0080e-05   4.5075e-11   7.5487e-02   1.1087e-16   2.1100e-06   8.2493e-09   2.0890e-04   3.2141e-06   5.4631e-01   5.0440e-04   2.7557e-01   6.3680e-04   5.0732e-02   8.9514e-04   2.5983e-02   1.0937e-07   1.9592e-04   1.4312e-06   1.1254e-03   2.5354e-04   2.0876e-02   1.2225e-04   1.0875e-03   2.7382e-09   5.6464e-10
 119    0.0000e+00   4.4440e-18   4.3115e-23   3.8402e-21   9.3985e-20   8.3579e-06   7.1589e-11   1.1993e-01   2.0042e-16   3.5740e-06   6.7872e-09   3.0899e-04   5.2416e-06   5.1314e-01   5.7138e-04   2.6892e-01   7.3201e-04   5.3779e-02   1.0344e-03   2.6332e-02   1.5771e-07   2.6211e-04   1.9021e-06   9.5446e-04   1.7737e-04   1.3064e-02   8.3554e-05   6.8374e-04   2.1078e-09   4.7558e-10
 120    0.0000e+00   1.0341e-18   6.8943e-23   5.4017e-21   2.0264e-19   6.7339e-06   1.1900e-10   1.9010e-01   3.8956e-16   6.1026e-06   6.1755e-09   4.6316e-04   8.6701e-06   4.6691e-01   6.3257e-04   2.5276e-01   8.0895e-04   5.4871e-02   1.1270e-03   2.5027e-02   2.2171e-07   3.2222e-04   2.5126e-06   7.1980e-04   9.1150e-05   5.8136e-03   3.9783e-05   2.9783e-04   1.1065e-09   2.7728e-10
 121    0.0000e+00   1.3912e-19   1.6605e-22   8.7922e-21   9.5857e-19   4.6513e-06   2.6047e-10   3.2897e-01   9.8281e-16   1.0782e-05   7.3895e-09   8.2372e-04   1.7997e-05   4.0075e-01   7.3342e-04   2.0508e-01   7.8807e-04   4.5114e-02   9.0741e-04   1.5443e-02   2.6400e-07   2.4831e-04   2.4961e-06   3.0608e-04   1.9029e-05   7.5447e-04   4.6484e-06   2.7138e-05   1.1042e-10   3.1902e-11
 122    0.0000e+00   2.1364e-20   1.5323e-21   1.7598e-20   1.4696e-17   3.0659e-06   7.3432e-10   5.0015e-01   2.7186e-15   1.4376e-05   1.3768e-08   6.2273e-03   1.4521e-04   3.4089e-01   1.1132e-03   1.2644e-01   5.5220e-04   2.1156e-02   3.1083e-04   2.8792e-03   1.8585e-07   4.2636e-05   9.1648e-07   3.8715e-05   2.4383e-06   3.3194e-05   1.3659e-07   4.0420e-07   2.0752e-12   5.9450e-13
 123    0.0000e+00   7.5477e-21   9.3196e-21   2.8811e-20   9.8458e-17   2.5031e-06   1.6008e-09   6.1646e-01   4.2344e-14   2.1600e-05   3.0376e-08   5.5080e-02   1.5500e-03   2.1563e-01   1.2722e-03   9.6726e-02   5.0867e-04   1.1847e-02   1.0600e-04   7.6618e-04   1.3888e-07   1.5841e-05   8.1832e-07   1.2006e-05   5.2536e-07   1.3350e-06   2.2754e-09   2.6768e-09   2.5473e-14   1.1090e-14
 124    0.0000e+00   7.6075e-21   1.4126e-20   2.6556e-20   1.3925e-16   2.5366e-06   1.7575e-09   6.3003e-01   4.1630e-12   2.4639e-05   4.4315e-08   6.9394e-02   2.2477e-03   1.8687e-01   1.4703e-03   9.7589e-02   4.4982e-04   1.1187e-02   6.6677e-05   6.4170e-04   1.6441e-07   1.3952e-05   8.3850e-07   6.9191e-06   2.4502e-07   3.9128e-07   5.7522e-10   6.2996e-10   1.1796e-14   7.1772e-15
 125    0.0000e+00   7.2083e-21   2.2900e-20   2.3969e-20   2.1286e-16   2.6413e-06   1.8529e-09   6.3731e-01   4.6616e-11   2.6743e-05   6.3482e-08   7.8681e-02   2.9572e-03   1.7019e-01   1.7810e-03   9.6566e-02   3.5145e-04   1.1449e-02   4.2647e-05   6.2433e-04   2.5884e-07   1.1950e-05   7.2921e-07   4.0953e-06   1.2015e-07   1.5092e-07   1.9824e-10   2.3545e-10   5.4037e-15   4.5243e-15
 126    0.0000e+00   8.5688e-21   3.5975e-20   2.4782e-20   2.9109e-16   2.9691e-06   2.0002e-09   6.4182e-01   1.9323e-10   2.8204e-05   8.2142e-08   8.5180e-02   3.6380e-03   1.5966e-01   2.0253e-03   9.4676e-02   2.8427e-04   1.2028e-02   3.0310e-05   6.1890e-04   3.6215e-07   9.9235e-06   5.9055e-07   2.6143e-06   6.6897e-08   7.2249e-08   8.6197e-11   1.1208e-10   2.6225e-15   3.3312e-15
 127    0.0000e+00   1.6967e-20   4.7019e-20   2.6102e-20   3.7618e-16   4.5562e-06   2.1766e-09   6.4429e-01   4.0239e-10   2.9321e-05   9.8789e-08   8.9068e-02   4.2479e-03   1.5383e-01   2.1427e-03   9.3100e-02   2.5319e-04   1.2395e-02   2.4914e-05   6.0511e-04   4.2852e-07   8.5021e-06   5.0856e-07   1.9111e-06   4.7424e-08   4.3783e-08   4.9516e-11   6.6747e-11   1.5707e-15   2.5983e-15
 128    0.0000e+00   7.0038e-20   5.7295e-20   2.8216e-20   4.6243e-16   1.0363e-05   2.3799e-09   6.4590e-01   6.3134e-10   3.0702e-05   1.4469e-07   9.1890e-02   4.8532e-03   1.4997e-01   2.2027e-03   9.1720e-02   2.3748e-04   1.2564e-02   2.1998e-05   5.8334e-04   4.8128e-07   7.3798e-06   4.5999e-07   1.4600e-06   3.7201e-08   2.8492e-08   3.1860e-11   4.1982e-11   1.0087e-15   1.8962e-15
 129    0.0000e+00   4.6323e-19   6.8092e-20   3.0396e-20   5.5235e-16   2.8250e-05   2.6788e-09   6.4725e-01   8.8097e-10   3.3706e-05   4.2795e-07   9.4554e-02   5.5402e-03   1.4681e-01   2.2480e-03   9.0174e-02   2.3077e-04   1.2557e-02   2.0296e-05   5.4860e-04   5.3504e-07   6.2832e-06   4.2024e-07   1.0756e-06   2.8857e-08   1.7511e-08   2.0664e-11   2.4171e-11   6.1348e-16   1.1642e-15
 130    0.0000e+00   4.0801e-18   7.3376e-20   2.9001e-20   6.4571e-16   8.4925e-05   3.3080e-09   6.4865e-01   1.1692e-09   4.4007e-05   2.5390e-06   9.7745e-02   6.3923e-03   1.4375e-01   2.3308e-03   8.7951e-02   2.3944e-04   1.2288e-02   2.0622e-05   4.9220e-04   5.8899e-07   5.0448e-06   3.6924e-07   6.9889e-07   1.9870e-08   8.8279e-09   1.3042e-11   1.0739e-11   3.3962e-16   5.0035e-16
 131    0.0000e+00   1.8263e-17   5.8941e-20   2.2098e-20   6.5238e-16   1.7687e-04   4.0075e-09   6.4941e-01   1.3674e-09   6.8547e-05   8.1453e-06   9.9672e-02   6.9426e-03   1.4195e-01   2.4506e-03   8.6493e-02   2.7733e-04   1.2062e-02   2.5967e-05   4.5671e-04   6.2838e-07   4.4121e-06   3.4301e-07   5.2262e-07   1.5668e-08   5.5755e-09   1.1449e-11   6.2077e-12   3.0333e-16   2.7634e-16
 132    0.0000e+00   3.1241e-17   5.1210e-20   1.9293e-20   6.5331e-16   2.2597e-04   4.3584e-09   6.4962e-01   1.4203e-09   8.5675e-05   1.1271e-05   1.0013e-01   7.0874e-03   1.4145e-01   2.5007e-03   8.6094e-02   3.0532e-04   1.2001e-02   3.0110e-05   4.4758e-04   6.4130e-07   4.2684e-06   3.3757e-07   4.8307e-07   1.4775e-08   4.9238e-09   1.1522e-11   5.3560e-12   3.1614e-16   2.3526e-16
 133    0.0000e+00   8.2084e-17   2.8869e-20   1.0318e-20   5.6070e-16   3.5366e-04   4.6520e-09   6.5011e-01   1.5278e-09   1.5308e-04   2.0014e-05   1.0178e-01   7.4764e-03   1.4035e-01   2.6585e-03   8.4568e-02   3.9878e-04   1.1667e-02   4.3907e-05   4.1237e-04   6.3913e-07   3.7361e-06   2.9945e-07   3.6450e-07   1.1268e-08   3.1636e-09   9.6789e-12   3.0857e-12   2.7262e-16   1.2237e-16
 134    0.0000e+00   1.9552e-16   1.1204e-20   3.2627e-21   4.2922e-16   5.3447e-04   4.7239e-09   6.5039e-01   1.6060e-09   3.4102e-04   3.0927e-05   1.0377e-01   7.8857e-03   1.3931e-01   2.8712e-03   8.2598e-02   5.9938e-04   1.1224e-02   7.0157e-05   3.7394e-04   6.2047e-07   3.1935e-06   2.5495e-07   2.6385e-07   8.1274e-09   1.9108e-09   7.5365e-12   1.6361e-12   2.1121e-16   5.7071e-17
 135    0.0000e+00   4.8838e-16   3.4649e-21   6.9088e-22   3.3351e-16   8.2161e-04   4.8784e-09   6.5022e-01   1.6689e-09   9.9642e-04   4.4661e-05   1.0673e-01   8.4137e-03   1.3815e-01   3.1521e-03   7.9510e-02   9.9176e-04   1.0533e-02   1.1128e-04   3.2362e-04   5.6760e-07   2.5243e-06   1.9435e-07   1.6686e-07   4.9279e-09   9.3844e-10   4.5655e-12   6.5974e-13   1.1541e-16   1.8672e-17
 136    0.0000e+00   1.3947e-15   1.2846e-21   2.4583e-22   3.1382e-16   1.3247e-03   6.1071e-09   6.4829e-01   1.7105e-09   3.5460e-03   6.6821e-05   1.1161e-01   9.1102e-03   1.3648e-01   3.4579e-03   7.4628e-02   1.5602e-03   9.5072e-03   1.5501e-04   2.6293e-04   4.7838e-07   1.8072e-06   1.3029e-07   9.0078e-08   2.4669e-09   3.6528e-10   2.0571e-12   1.9750e-13   4.2960e-17   4.2802e-18
 137    0.0000e+00   2.9515e-15   1.1257e-21   2.6340e-22   3.6871e-16   1.8576e-03   8.4439e-09   6.4463e-01   1.7373e-09   8.0302e-03   9.2079e-05   1.1717e-01   9.6852e-03   1.3461e-01   3.5929e-03   6.9640e-02   1.8418e-03   8.4780e-03   1.6436e-04   2.1219e-04   3.8862e-07   1.2977e-06   8.7445e-08   5.0564e-08   1.2778e-09   1.5292e-10   8.8398e-13   6.4643e-14   1.4804e-17   1.0876e-18
 138    0.0000e+00   7.4478e-15   2.0455e-21   4.5597e-22   5.3118e-16   2.7803e-03   1.5073e-08   6.3599e-01   1.7839e-09   1.9048e-02   1.4098e-04   1.2658e-01   1.0418e-02   1.3063e-01   3.6186e-03   6.1689e-02   1.9123e-03   6.9049e-03   1.4638e-04   1.4728e-04   2.7117e-07   7.6102e-07   4.6231e-08   2.0624e-08   4.5854e-10   4.0558e-11   2.2296e-13   1.1821e-14   2.6786e-18   1.3482e-19
 139    0.0000e+00   2.5644e-14   5.8159e-21   8.0081e-22   1.2441e-15   4.7629e-03   4.2049e-08   6.1617e-01   2.0657e-09   4.7283e-02   2.5841e-04   1.3976e-01   1.1112e-02   1.2157e-01   3.4328e-03   4.9110e-02   1.6753e-03   4.6904e-03   9.9779e-05   7.6346e-05   1.4594e-07   3.0793e-07   1.5596e-08   4.6952e-09   8.3559e-11   4.8335e-12   2.2391e-14   7.9499e-16   1.7194e-19   4.8880e-21
 140    0.0000e+00   3.6720e-13   3.8427e-20   3.0800e-21   3.6344e-15   1.6920e-02   2.0831e-07   5.5632e-01   7.3701e-09   1.5062e-01   9.3575e-04   1.3684e-01   1.0608e-02   9.5411e-02   2.8368e-03   2.6728e-02   1.0603e-03   1.6740e-03   3.2695e-05   1.4302e-05   3.5362e-08   3.5615e-08   1.1152e-09   1.5821e-10   1.6123e-12   4.8078e-14   1.4283e-16   2.8080e-18   5.4364e-22   0.0000e+00
 141    0.0000e+00   1.7628e-13   1.5832e-15   8.0182e-20   1.1990e-10   4.3921e-01   6.3831e-05   5.1152e-01   8.7396e-08   3.6692e-02   7.2240e-03   5.1805e-03   9.3796e-05   1.7555e-05   2.8318e-08   2.0043e-09   3.7283e-13   1.6964e-14   9.6770e-19   5.0881e-21   0.0000e+00   0.0000e+00   0.0000e+00   0.0000e+00   0.0000e+00   0.0000e+00   0.0000e+00   0.0000e+00   0.0000e+00   0.0000e+00
 142    0.0000e+00   0.0000e+00   0.0000e+00   0.0000e+00   0.0000e+00   4.7498e-01   0.0000e+00   5.0002e-01   0.0000e+00   2.4993e-02   0.0000e+00   0.0000e+00   0.0000e+00   0.0000e+00   0.0000e+00   0.0000e+00   0.0000e+00   0.0000e+00   0.0000e+00   0.0000e+00   0.0000e+00   0.0000e+00   0.0000e+00   0.0000e+00   0.0000e+00   0.0000e+00   0.0000e+00   0.0000e+00   0.0000e+00   0.0000e+00
 143    0.0000e+00   0.0000e+00   0.0000e+00   0.0000e+00   0.0000e+00   4.7498e-01   0.0000e+00   5.0002e-01   0.0000e+00   2.4993e-02   0.0000e+00   0.0000e+00   0.0000e+00   0.0000e+00   0.0000e+00   0.0000e+00   0.0000e+00   0.0000e+00   0.0000e+00   0.0000e+00   0.0000e+00   0.0000e+00   0.0000e+00   0.0000e+00   0.0000e+00   0.0000e+00   0.0000e+00   0.0000e+00   0.0000e+00   0.0000e+00
 144    0.0000e+00   0.0000e+00   0.0000e+00   0.0000e+00   0.0000e+00   4.7498e-01   0.0000e+00   5.0002e-01   0.0000e+00   2.4993e-02   0.0000e+00   0.0000e+00   0.0000e+00   0.0000e+00   0.0000e+00   0.0000e+00   0.0000e+00   0.0000e+00   0.0000e+00   0.0000e+00   0.0000e+00   0.0000e+00   0.0000e+00   0.0000e+00   0.0000e+00   0.0000e+00   0.0000e+00   0.0000e+00   0.0000e+00   0.0000e+00
 145    0.0000e+00   0.0000e+00   0.0000e+00   0.0000e+00   0.0000e+00   4.7498e-01   0.0000e+00   5.0002e-01   0.0000e+00   2.4993e-02   0.0000e+00   0.0000e+00   0.0000e+00   0.0000e+00   0.0000e+00   0.0000e+00   0.0000e+00   0.0000e+00   0.0000e+00   0.0000e+00   0.0000e+00   0.0000e+00   0.0000e+00   0.0000e+00   0.0000e+00   0.0000e+00   0.0000e+00   0.0000e+00   0.0000e+00   0.0000e+00
 146    0.0000e+00   0.0000e+00   0.0000e+00   0.0000e+00   0.0000e+00   4.7498e-01   0.0000e+00   5.0002e-01   0.0000e+00   2.4993e-02   0.0000e+00   0.0000e+00   0.0000e+00   0.0000e+00   0.0000e+00   0.0000e+00   0.0000e+00   0.0000e+00   0.0000e+00   0.0000e+00   0.0000e+00   0.0000e+00   0.0000e+00   0.0000e+00   0.0000e+00   0.0000e+00   0.0000e+00   0.0000e+00   0.0000e+00   0.0000e+00
 147    0.0000e+00   0.0000e+00   0.0000e+00   0.0000e+00   0.0000e+00   4.7498e-01   0.0000e+00   5.0002e-01   0.0000e+00   2.4993e-02   0.0000e+00   0.0000e+00   0.0000e+00   0.0000e+00   0.0000e+00   0.0000e+00   0.0000e+00   0.0000e+00   0.0000e+00   0.0000e+00   0.0000e+00   0.0000e+00   0.0000e+00   0.0000e+00   0.0000e+00   0.0000e+00   0.0000e+00   0.0000e+00   0.0000e+00   0.0000e+00
 148    0.0000e+00   0.0000e+00   0.0000e+00   0.0000e+00   0.0000e+00   4.7498e-01   0.0000e+00   5.0002e-01   0.0000e+00   2.4993e-02   0.0000e+00   0.0000e+00   0.0000e+00   0.0000e+00   0.0000e+00   0.0000e+00   0.0000e+00   0.0000e+00   0.0000e+00   0.0000e+00   0.0000e+00   0.0000e+00   0.0000e+00   0.0000e+00   0.0000e+00   0.0000e+00   0.0000e+00   0.0000e+00   0.0000e+00   0.0000e+00
 149    0.0000e+00   0.0000e+00   0.0000e+00   0.0000e+00   0.0000e+00   4.7498e-01   0.0000e+00   5.0002e-01   0.0000e+00   2.4993e-02   0.0000e+00   0.0000e+00   0.0000e+00   0.0000e+00   0.0000e+00   0.0000e+00   0.0000e+00   0.0000e+00   0.0000e+00   0.0000e+00   0.0000e+00   0.0000e+00   0.0000e+00   0.0000e+00   0.0000e+00   0.0000e+00   0.0000e+00   0.0000e+00   0.0000e+00   0.0000e+00
 150    0.0000e+00   0.0000e+00   0.0000e+00   0.0000e+00   0.0000e+00   4.7498e-01   0.0000e+00   5.0002e-01   0.0000e+00   2.4993e-02   0.0000e+00   0.0000e+00   0.0000e+00   0.0000e+00   0.0000e+00   0.0000e+00   0.0000e+00   0.0000e+00   0.0000e+00   0.0000e+00   0.0000e+00   0.0000e+00   0.0000e+00   0.0000e+00   0.0000e+00   0.0000e+00   0.0000e+00   0.0000e+00   0.0000e+00   0.0000e+00
 151    0.0000e+00   0.0000e+00   0.0000e+00   0.0000e+00   0.0000e+00   4.7498e-01   0.0000e+00   5.0002e-01   0.0000e+00   2.4993e-02   0.0000e+00   0.0000e+00   0.0000e+00   0.0000e+00   0.0000e+00   0.0000e+00   0.0000e+00   0.0000e+00   0.0000e+00   0.0000e+00   0.0000e+00   0.0000e+00   0.0000e+00   0.0000e+00   0.0000e+00   0.0000e+00   0.0000e+00   0.0000e+00   0.0000e+00   0.0000e+00
 152    0.0000e+00   0.0000e+00   0.0000e+00   0.0000e+00   0.0000e+00   4.7498e-01   0.0000e+00   5.0002e-01   0.0000e+00   2.4993e-02   0.0000e+00   0.0000e+00   0.0000e+00   0.0000e+00   0.0000e+00   0.0000e+00   0.0000e+00   0.0000e+00   0.0000e+00   0.0000e+00   0.0000e+00   0.0000e+00   0.0000e+00   0.0000e+00   0.0000e+00   0.0000e+00   0.0000e+00   0.0000e+00   0.0000e+00   0.0000e+00
 153    0.0000e+00   0.0000e+00   0.0000e+00   0.0000e+00   0.0000e+00   4.7498e-01   0.0000e+00   5.0002e-01   0.0000e+00   2.4993e-02   0.0000e+00   0.0000e+00   0.0000e+00   0.0000e+00   0.0000e+00   0.0000e+00   0.0000e+00   0.0000e+00   0.0000e+00   0.0000e+00   0.0000e+00   0.0000e+00   0.0000e+00   0.0000e+00   0.0000e+00   0.0000e+00   0.0000e+00   0.0000e+00   0.0000e+00   0.0000e+00
 154    0.0000e+00   0.0000e+00   0.0000e+00   0.0000e+00   0.0000e+00   4.7498e-01   0.0000e+00   5.0002e-01   0.0000e+00   2.4993e-02   0.0000e+00   0.0000e+00   0.0000e+00   0.0000e+00   0.0000e+00   0.0000e+00   0.0000e+00   0.0000e+00   0.0000e+00   0.0000e+00   0.0000e+00   0.0000e+00   0.0000e+00   0.0000e+00   0.0000e+00   0.0000e+00   0.0000e+00   0.0000e+00   0.0000e+00   0.0000e+00
 155    0.0000e+00   0.0000e+00   0.0000e+00   0.0000e+00   0.0000e+00   4.7498e-01   0.0000e+00   5.0002e-01   0.0000e+00   2.4993e-02   0.0000e+00   0.0000e+00   0.0000e+00   0.0000e+00   0.0000e+00   0.0000e+00   0.0000e+00   0.0000e+00   0.0000e+00   0.0000e+00   0.0000e+00   0.0000e+00   0.0000e+00   0.0000e+00   0.0000e+00   0.0000e+00   0.0000e+00   0.0000e+00   0.0000e+00   0.0000e+00
 156    0.0000e+00   0.0000e+00   0.0000e+00   0.0000e+00   0.0000e+00   4.7498e-01   0.0000e+00   5.0002e-01   0.0000e+00   2.4993e-02   0.0000e+00   0.0000e+00   0.0000e+00   0.0000e+00   0.0000e+00   0.0000e+00   0.0000e+00   0.0000e+00   0.0000e+00   0.0000e+00   0.0000e+00   0.0000e+00   0.0000e+00   0.0000e+00   0.0000e+00   0.0000e+00   0.0000e+00   0.0000e+00   0.0000e+00   0.0000e+00
 157    0.0000e+00   0.0000e+00   0.0000e+00   0.0000e+00   0.0000e+00   4.7498e-01   0.0000e+00   5.0002e-01   0.0000e+00   2.4993e-02   0.0000e+00   0.0000e+00   0.0000e+00   0.0000e+00   0.0000e+00   0.0000e+00   0.0000e+00   0.0000e+00   0.0000e+00   0.0000e+00   0.0000e+00   0.0000e+00   0.0000e+00   0.0000e+00   0.0000e+00   0.0000e+00   0.0000e+00   0.0000e+00   0.0000e+00   0.0000e+00
 158    0.0000e+00   0.0000e+00   0.0000e+00   0.0000e+00   0.0000e+00   4.7498e-01   0.0000e+00   5.0002e-01   0.0000e+00   2.4993e-02   0.0000e+00   0.0000e+00   0.0000e+00   0.0000e+00   0.0000e+00   0.0000e+00   0.0000e+00   0.0000e+00   0.0000e+00   0.0000e+00   0.0000e+00   0.0000e+00   0.0000e+00   0.0000e+00   0.0000e+00   0.0000e+00   0.0000e+00   0.0000e+00   0.0000e+00   0.0000e+00
 159    0.0000e+00   0.0000e+00   0.0000e+00   0.0000e+00   0.0000e+00   4.7498e-01   0.0000e+00   5.0002e-01   0.0000e+00   2.4993e-02   0.0000e+00   0.0000e+00   0.0000e+00   0.0000e+00   0.0000e+00   0.0000e+00   0.0000e+00   0.0000e+00   0.0000e+00   0.0000e+00   0.0000e+00   0.0000e+00   0.0000e+00   0.0000e+00   0.0000e+00   0.0000e+00   0.0000e+00   0.0000e+00   0.0000e+00   0.0000e+00
 160    0.0000e+00   0.0000e+00   0.0000e+00   0.0000e+00   0.0000e+00   4.7498e-01   0.0000e+00   5.0002e-01   0.0000e+00   2.4993e-02   0.0000e+00   0.0000e+00   0.0000e+00   0.0000e+00   0.0000e+00   0.0000e+00   0.0000e+00   0.0000e+00   0.0000e+00   0.0000e+00   0.0000e+00   0.0000e+00   0.0000e+00   0.0000e+00   0.0000e+00   0.0000e+00   0.0000e+00   0.0000e+00   0.0000e+00   0.0000e+00
 161    0.0000e+00   0.0000e+00   0.0000e+00   0.0000e+00   0.0000e+00   4.7498e-01   0.0000e+00   5.0002e-01   0.0000e+00   2.4993e-02   0.0000e+00   0.0000e+00   0.0000e+00   0.0000e+00   0.0000e+00   0.0000e+00   0.0000e+00   0.0000e+00   0.0000e+00   0.0000e+00   0.0000e+00   0.0000e+00   0.0000e+00   0.0000e+00   0.0000e+00   0.0000e+00   0.0000e+00   0.0000e+00   0.0000e+00   0.0000e+00
 162    0.0000e+00   0.0000e+00   0.0000e+00   0.0000e+00   0.0000e+00   4.7498e-01   0.0000e+00   5.0002e-01   0.0000e+00   2.4993e-02   0.0000e+00   0.0000e+00   0.0000e+00   0.0000e+00   0.0000e+00   0.0000e+00   0.0000e+00   0.0000e+00   0.0000e+00   0.0000e+00   0.0000e+00   0.0000e+00   0.0000e+00   0.0000e+00   0.0000e+00   0.0000e+00   0.0000e+00   0.0000e+00   0.0000e+00   0.0000e+00
 163    0.0000e+00   0.0000e+00   0.0000e+00   0.0000e+00   0.0000e+00   4.7498e-01   0.0000e+00   5.0002e-01   0.0000e+00   2.4993e-02   0.0000e+00   0.0000e+00   0.0000e+00   0.0000e+00   0.0000e+00   0.0000e+00   0.0000e+00   0.0000e+00   0.0000e+00   0.0000e+00   0.0000e+00   0.0000e+00   0.0000e+00   0.0000e+00   0.0000e+00   0.0000e+00   0.0000e+00   0.0000e+00   0.0000e+00   0.0000e+00
 164    0.0000e+00   0.0000e+00   0.0000e+00   0.0000e+00   0.0000e+00   4.7498e-01   0.0000e+00   5.0002e-01   0.0000e+00   2.4993e-02   0.0000e+00   0.0000e+00   0.0000e+00   0.0000e+00   0.0000e+00   0.0000e+00   0.0000e+00   0.0000e+00   0.0000e+00   0.0000e+00   0.0000e+00   0.0000e+00   0.0000e+00   0.0000e+00   0.0000e+00   0.0000e+00   0.0000e+00   0.0000e+00   0.0000e+00   0.0000e+00
 165    0.0000e+00   0.0000e+00   0.0000e+00   0.0000e+00   0.0000e+00   4.7498e-01   0.0000e+00   5.0002e-01   0.0000e+00   2.4993e-02   0.0000e+00   0.0000e+00   0.0000e+00   0.0000e+00   0.0000e+00   0.0000e+00   0.0000e+00   0.0000e+00   0.0000e+00   0.0000e+00   0.0000e+00   0.0000e+00   0.0000e+00   0.0000e+00   0.0000e+00   0.0000e+00   0.0000e+00   0.0000e+00   0.0000e+00   0.0000e+00
 166    0.0000e+00   0.0000e+00   0.0000e+00   0.0000e+00   0.0000e+00   4.7498e-01   0.0000e+00   5.0002e-01   0.0000e+00   2.4993e-02   0.0000e+00   0.0000e+00   0.0000e+00   0.0000e+00   0.0000e+00   0.0000e+00   0.0000e+00   0.0000e+00   0.0000e+00   0.0000e+00   0.0000e+00   0.0000e+00   0.0000e+00   0.0000e+00   0.0000e+00   0.0000e+00   0.0000e+00   0.0000e+00   0.0000e+00   0.0000e+00
 167    0.0000e+00   0.0000e+00   0.0000e+00   0.0000e+00   0.0000e+00   4.7498e-01   0.0000e+00   5.0002e-01   0.0000e+00   2.4993e-02   0.0000e+00   0.0000e+00   0.0000e+00   0.0000e+00   0.0000e+00   0.0000e+00   0.0000e+00   0.0000e+00   0.0000e+00   0.0000e+00   0.0000e+00   0.0000e+00   0.0000e+00   0.0000e+00   0.0000e+00   0.0000e+00   0.0000e+00   0.0000e+00   0.0000e+00   0.0000e+00
 168    0.0000e+00   0.0000e+00   0.0000e+00   0.0000e+00   0.0000e+00   4.7498e-01   0.0000e+00   5.0002e-01   0.0000e+00   2.4993e-02   0.0000e+00   0.0000e+00   0.0000e+00   0.0000e+00   0.0000e+00   0.0000e+00   0.0000e+00   0.0000e+00   0.0000e+00   0.0000e+00   0.0000e+00   0.0000e+00   0.0000e+00   0.0000e+00   0.0000e+00   0.0000e+00   0.0000e+00   0.0000e+00   0.0000e+00   0.0000e+00
 169    0.0000e+00   0.0000e+00   0.0000e+00   0.0000e+00   0.0000e+00   4.7498e-01   0.0000e+00   5.0002e-01   0.0000e+00   2.4993e-02   0.0000e+00   0.0000e+00   0.0000e+00   0.0000e+00   0.0000e+00   0.0000e+00   0.0000e+00   0.0000e+00   0.0000e+00   0.0000e+00   0.0000e+00   0.0000e+00   0.0000e+00   0.0000e+00   0.0000e+00   0.0000e+00   0.0000e+00   0.0000e+00   0.0000e+00   0.0000e+00
 170    0.0000e+00   0.0000e+00   0.0000e+00   0.0000e+00   0.0000e+00   4.7498e-01   0.0000e+00   5.0002e-01   0.0000e+00   2.4993e-02   0.0000e+00   0.0000e+00   0.0000e+00   0.0000e+00   0.0000e+00   0.0000e+00   0.0000e+00   0.0000e+00   0.0000e+00   0.0000e+00   0.0000e+00   0.0000e+00   0.0000e+00   0.0000e+00   0.0000e+00   0.0000e+00   0.0000e+00   0.0000e+00   0.0000e+00   0.0000e+00
 171    0.0000e+00   0.0000e+00   0.0000e+00   0.0000e+00   0.0000e+00   4.7498e-01   0.0000e+00   5.0002e-01   0.0000e+00   2.4993e-02   0.0000e+00   0.0000e+00   0.0000e+00   0.0000e+00   0.0000e+00   0.0000e+00   0.0000e+00   0.0000e+00   0.0000e+00   0.0000e+00   0.0000e+00   0.0000e+00   0.0000e+00   0.0000e+00   0.0000e+00   0.0000e+00   0.0000e+00   0.0000e+00   0.0000e+00   0.0000e+00
 172    0.0000e+00   0.0000e+00   0.0000e+00   0.0000e+00   0.0000e+00   4.7498e-01   0.0000e+00   5.0002e-01   0.0000e+00   2.4993e-02   0.0000e+00   0.0000e+00   0.0000e+00   0.0000e+00   0.0000e+00   0.0000e+00   0.0000e+00   0.0000e+00   0.0000e+00   0.0000e+00   0.0000e+00   0.0000e+00   0.0000e+00   0.0000e+00   0.0000e+00   0.0000e+00   0.0000e+00   0.0000e+00   0.0000e+00   0.0000e+00
 173    0.0000e+00   0.0000e+00   0.0000e+00   0.0000e+00   0.0000e+00   4.7498e-01   0.0000e+00   5.0002e-01   0.0000e+00   2.4993e-02   0.0000e+00   0.0000e+00   0.0000e+00   0.0000e+00   0.0000e+00   0.0000e+00   0.0000e+00   0.0000e+00   0.0000e+00   0.0000e+00   0.0000e+00   0.0000e+00   0.0000e+00   0.0000e+00   0.0000e+00   0.0000e+00   0.0000e+00   0.0000e+00   0.0000e+00   0.0000e+00
 174    0.0000e+00   0.0000e+00   0.0000e+00   0.0000e+00   0.0000e+00   4.7498e-01   0.0000e+00   5.0002e-01   0.0000e+00   2.4993e-02   0.0000e+00   0.0000e+00   0.0000e+00   0.0000e+00   0.0000e+00   0.0000e+00   0.0000e+00   0.0000e+00   0.0000e+00   0.0000e+00   0.0000e+00   0.0000e+00   0.0000e+00   0.0000e+00   0.0000e+00   0.0000e+00   0.0000e+00   0.0000e+00   0.0000e+00   0.0000e+00
 175    0.0000e+00   0.0000e+00   0.0000e+00   0.0000e+00   0.0000e+00   4.7498e-01   0.0000e+00   5.0002e-01   0.0000e+00   2.4993e-02   0.0000e+00   0.0000e+00   0.0000e+00   0.0000e+00   0.0000e+00   0.0000e+00   0.0000e+00   0.0000e+00   0.0000e+00   0.0000e+00   0.0000e+00   0.0000e+00   0.0000e+00   0.0000e+00   0.0000e+00   0.0000e+00   0.0000e+00   0.0000e+00   0.0000e+00   0.0000e+00
 176    0.0000e+00   0.0000e+00   0.0000e+00   0.0000e+00   0.0000e+00   4.7498e-01   0.0000e+00   5.0002e-01   0.0000e+00   2.4993e-02   0.0000e+00   0.0000e+00   0.0000e+00   0.0000e+00   0.0000e+00   0.0000e+00   0.0000e+00   0.0000e+00   0.0000e+00   0.0000e+00   0.0000e+00   0.0000e+00   0.0000e+00   0.0000e+00   0.0000e+00   0.0000e+00   0.0000e+00   0.0000e+00   0.0000e+00   0.0000e+00
 177    0.0000e+00   0.0000e+00   0.0000e+00   0.0000e+00   0.0000e+00   4.7498e-01   0.0000e+00   5.0002e-01   0.0000e+00   2.4993e-02   0.0000e+00   0.0000e+00   0.0000e+00   0.0000e+00   0.0000e+00   0.0000e+00   0.0000e+00   0.0000e+00   0.0000e+00   0.0000e+00   0.0000e+00   0.0000e+00   0.0000e+00   0.0000e+00   0.0000e+00   0.0000e+00   0.0000e+00   0.0000e+00   0.0000e+00   0.0000e+00
